AOM Transverse Pump
0-5V
0-5V
0.1000
0.0000
0.0000
5
[[1.4576795005896974, 0.011017392987201922], [1.5960453878540075, 0.01718931343770569], [1.6251653816488327, 0.023361233888209453], [1.6429692878643125, 0.02953315433871322], [1.6556934264560272, 0.03570507478921699], [1.665681348505369, 0.04187699523972076], [1.6741325416527415, 0.048048915690224514], [1.681487346224073, 0.054220836140728285], [1.6880126730926786, 0.060392756591232055], [1.6939660309865938, 0.06656467704173581], [1.699470668357732, 0.07273659749223958], [1.7046277851913705, 0.07890851794274335], [1.7094634979200791, 0.08508043839324711], [1.7139863850185701, 0.09125235884375088], [1.7182483564191176, 0.09742427929425465], [1.7223003910416168, 0.10359619974475841], [1.726210471907991, 0.10976812019526218], [1.7298874883349664, 0.11594004064576595], [1.7334680533807523, 0.1221119610962697], [1.7369734774952637, 0.12828388154677348], [1.740314348819772, 0.13445580199727725], [1.7435759670712283, 0.140627722447781], [1.746777098297315, 0.1467996428982848], [1.7498415949778767, 0.15297156334878856], [1.752873065817457, 0.1591434837992923], [1.7558498867798948, 0.16531540424979607], [1.7587709070438293, 0.17148732470029984], [1.761667480362636, 0.1776592451508036], [1.7644659876117703, 0.18383116560130738], [1.767253221554739, 0.19000308605181113], [1.7700033495237606, 0.1961750065023149], [1.7727446902680164, 0.20234692695281867], [1.7754702019064084, 0.20851884740332244], [1.778175051169174, 0.2146907678538262], [1.7808608742558873, 0.22086268830432998], [1.7835089872726906, 0.22703460875483375], [1.7861374237179097, 0.2332065292053375], [1.7887714362273495, 0.23937844965584126], [1.7914072783252541, 0.24555037010634503], [1.79399629011136, 0.2517222905568488], [1.7965773035602928, 0.2578942110073526], [1.7991402411433546, 0.2640661314578564], [1.8017014986517252, 0.2702380519083601], [1.80425280925856, 0.2764099723588639], [1.8068037144513103, 0.2825818928093677], [1.8093771314620328, 0.28875381325987143], [1.8119483902683886, 0.2949257337103752], [1.8144813029492015, 0.30109765416087897], [1.817015370172469, 0.3072695746113827], [1.819563097303742, 0.31344149506188645], [1.8221084814991395, 0.31961341551239025], [1.8246355542790047, 0.32578533596289405], [1.8271693339330257, 0.3319572564133978], [1.8297468794568015, 0.3381291768639016], [1.8323291753604876, 0.34430109731440534], [1.8349315777473876, 0.35047301776490913], [1.8375456310843827, 0.3566449382154129], [1.8401915259074102, 0.3628168586659167], [1.8428556875413828, 0.36898877911642036], [1.845550129053758, 0.3751606995669241], [1.8482672390548647, 0.3813326200174279], [1.8510053794155994, 0.38750454046793165], [1.8537947001395534, 0.39367646091843544], [1.856606922751403, 0.39984838136893924], [1.8594649055229358, 0.406020301819443], [1.8623397289132018, 0.4121922222699468], [1.8652782855279242, 0.4183641427204505], [1.8682534085441984, 0.4245360631709543], [1.8712715610192705, 0.43070798362145807], [1.87439195230993, 0.43687990407196187], [1.8775498541911695, 0.4430518245224656], [1.8807533534455412, 0.4492237449729693], [1.8840502549642881, 0.4553956654234731], [1.8874223621696735, 0.46156758587397684], [1.8909299342173738, 0.46773950632448064], [1.8945278086804105, 0.47391142677498443], [1.898204331333234, 0.4800833472254882], [1.9019668757054524, 0.486255267675992], [1.9058773478073825, 0.4924271881264957], [1.9099103085744276, 0.4985991085769995], [1.914084972842997, 0.5047710290275033], [1.918412546523308, 0.510942949478007], [1.922900783131297, 0.5171148699285109], [1.9275937347618528, 0.5232867903790146], [1.9325263024286685, 0.5294587108295182], [1.937700577203971, 0.5356306312800221], [1.943181014031819, 0.5418025517305258], [1.9488393827957033, 0.5479744721810296], [1.9548501248130727, 0.5541463926315334], [1.9611541558425631, 0.5603183130820372], [1.96785704247433, 0.5664902335325409], [1.9752559740777136, 0.5726621539830447], [1.983185744097798, 0.5788340744335485], [1.9917185091677918, 0.5850059948840522], [2.00101041018227, 0.591177915334556], [2.0117025914398665, 0.5973498357850597], [2.023637638218494, 0.6035217562355635], [2.0376424326259808, 0.6096936766860672], [2.054532928010478, 0.615865597136571], [2.078130374748784, 0.6220375175870748], [2.1126445076515163, 0.6282094380375786]]
18/03/2020 09:58:46
-10
10
0.02