9.687648154795169830e-03
1.187518145889043808e-02
1.031265687197446823e-02
1.312519982457160950e-02
1.031265687197446823e-02
1.062516216188669205e-02
1.156267616897821426e-02
1.062516216188669205e-02
1.250019110739231110e-02
1.218768581748008728e-02
1.343770511448383331e-02
8.437628857791423798e-03
1.062516216188669205e-02
1.218768581748008728e-02
1.000015251338481903e-02
9.687648154795169830e-03
1.218768581748008728e-02
1.187518145889043808e-02
1.125017181038856506e-02
9.687648154795169830e-03
1.218768581748008728e-02
6.875104736536741257e-03
1.125017181038856506e-02
1.031265687197446823e-02
9.687648154795169830e-03
1.125017181038856506e-02
1.187518145889043808e-02
1.093766652047634125e-02
1.000015251338481903e-02
1.187518145889043808e-02
1.031265687197446823e-02
8.437628857791423798e-03
1.031265687197446823e-02
1.000015251338481903e-02
8.750133216381072998e-03
9.375142864882946014e-03
1.156267616897821426e-02
1.218768581748008728e-02
1.156267616897821426e-02
9.687648154795169830e-03
1.125017181038856506e-02
1.250019110739231110e-02
9.687648154795169830e-03
8.437628857791423798e-03
1.375020947307348251e-02
1.343770511448383331e-02
7.500114385038614273e-03
1.062516216188669205e-02
9.375142864882946014e-03
1.062516216188669205e-02
1.125017181038856506e-02
1.218768581748008728e-02
9.375142864882946014e-03
1.062516216188669205e-02
1.156267616897821426e-02
1.343770511448383331e-02
9.375142864882946014e-03
1.187518145889043808e-02
9.062638506293296814e-03
5.937590729445219040e-03
1.093766652047634125e-02
6.562599912285804749e-03
1.187518145889043808e-02
1.156267616897821426e-02
8.750133216381072998e-03
9.062638506293296814e-03
1.000015251338481903e-02
1.343770511448383331e-02
1.281269546598196030e-02
8.125123567879199982e-03
9.375142864882946014e-03
1.281269546598196030e-02
1.125017181038856506e-02
1.218768581748008728e-02
1.312519982457160950e-02
1.093766652047634125e-02
1.093766652047634125e-02
8.125123567879199982e-03
1.218768581748008728e-02
9.687648154795169830e-03
9.062638506293296814e-03
1.187518145889043808e-02
1.218768581748008728e-02
9.687648154795169830e-03
1.250019110739231110e-02
1.156267616897821426e-02
9.062638506293296814e-03
1.031265687197446823e-02
1.062516216188669205e-02
1.125017181038856506e-02
1.281269546598196030e-02
1.281269546598196030e-02
1.031265687197446823e-02
1.000015251338481903e-02
1.156267616897821426e-02
9.375142864882946014e-03
9.062638506293296814e-03
1.218768581748008728e-02
1.406271476298570633e-02
9.062638506293296814e-03
1.375020947307348251e-02
1.062516216188669205e-02
1.156267616897821426e-02
1.031265687197446823e-02
1.468772441148757935e-02
1.000015251338481903e-02
1.156267616897821426e-02
1.218768581748008728e-02
1.250019110739231110e-02
1.218768581748008728e-02
1.187518145889043808e-02
1.218768581748008728e-02
8.750133216381072998e-03
9.375142864882946014e-03
1.156267616897821426e-02
8.125123567879199982e-03
9.687648154795169830e-03
1.093766652047634125e-02
1.062516216188669205e-02
1.156267616897821426e-02
1.156267616897821426e-02
1.312519982457160950e-02
1.125017181038856506e-02
1.093766652047634125e-02
1.250019110739231110e-02
8.437628857791423798e-03
1.000015251338481903e-02
1.125017181038856506e-02
1.218768581748008728e-02
9.375142864882946014e-03
1.156267616897821426e-02
1.125017181038856506e-02
8.437628857791423798e-03
1.312519982457160950e-02
1.125017181038856506e-02
9.687648154795169830e-03
9.375142864882946014e-03
1.031265687197446823e-02
1.031265687197446823e-02
1.062516216188669205e-02
1.156267616897821426e-02
1.187518145889043808e-02
1.062516216188669205e-02
1.343770511448383331e-02
1.250019110739231110e-02
7.812619209289550781e-03
1.187518145889043808e-02
1.218768581748008728e-02
1.156267616897821426e-02
9.687648154795169830e-03
1.031265687197446823e-02
1.250019110739231110e-02
7.187609560787677765e-03
1.218768581748008728e-02
1.031265687197446823e-02
1.062516216188669205e-02
1.156267616897821426e-02
1.531273312866687775e-02
1.093766652047634125e-02
8.125123567879199982e-03
1.125017181038856506e-02
1.437521912157535553e-02
1.062516216188669205e-02
1.125017181038856506e-02
1.250019110739231110e-02
8.437628857791423798e-03
1.093766652047634125e-02
1.218768581748008728e-02
1.062516216188669205e-02
1.281269546598196030e-02
1.031265687197446823e-02
1.093766652047634125e-02
9.062638506293296814e-03
1.187518145889043808e-02
1.343770511448383331e-02
9.687648154795169830e-03
1.062516216188669205e-02
9.375142864882946014e-03
1.218768581748008728e-02
1.312519982457160950e-02
9.687648154795169830e-03
1.468772441148757935e-02
1.125017181038856506e-02
9.687648154795169830e-03
9.375142864882946014e-03
1.343770511448383331e-02
1.093766652047634125e-02
1.031265687197446823e-02
1.281269546598196030e-02
1.281269546598196030e-02
1.031265687197446823e-02
1.062516216188669205e-02
1.156267616897821426e-02
1.031265687197446823e-02
9.375142864882946014e-03
1.187518145889043808e-02
1.031265687197446823e-02
1.125017181038856506e-02
1.156267616897821426e-02
1.218768581748008728e-02
1.031265687197446823e-02
1.062516216188669205e-02
1.062516216188669205e-02
1.125017181038856506e-02
9.375142864882946014e-03
1.093766652047634125e-02
1.093766652047634125e-02
1.000015251338481903e-02
1.031265687197446823e-02
1.062516216188669205e-02
1.218768581748008728e-02
1.093766652047634125e-02
1.375020947307348251e-02
1.125017181038856506e-02
1.312519982457160950e-02
9.687648154795169830e-03
1.218768581748008728e-02
1.281269546598196030e-02
8.750133216381072998e-03
1.218768581748008728e-02
1.250019110739231110e-02
1.093766652047634125e-02
1.125017181038856506e-02
1.218768581748008728e-02
1.000015251338481903e-02
1.187518145889043808e-02
1.406271476298570633e-02
1.187518145889043808e-02
1.031265687197446823e-02
1.312519982457160950e-02
1.281269546598196030e-02
1.031265687197446823e-02
1.250019110739231110e-02
1.250019110739231110e-02
1.250019110739231110e-02
7.812619209289550781e-03
8.437628857791423798e-03
1.156267616897821426e-02
1.156267616897821426e-02
1.093766652047634125e-02
1.250019110739231110e-02
1.093766652047634125e-02
9.062638506293296814e-03
1.093766652047634125e-02
1.000015251338481903e-02
1.031265687197446823e-02
1.187518145889043808e-02
1.125017181038856506e-02
1.125017181038856506e-02
1.250019110739231110e-02
1.093766652047634125e-02
1.062516216188669205e-02
8.125123567879199982e-03
1.156267616897821426e-02
1.031265687197446823e-02
1.031265687197446823e-02
1.062516216188669205e-02
1.000015251338481903e-02
1.000015251338481903e-02
1.156267616897821426e-02
1.156267616897821426e-02
1.218768581748008728e-02
1.156267616897821426e-02
1.343770511448383331e-02
1.125017181038856506e-02
8.437628857791423798e-03
1.062516216188669205e-02
1.250019110739231110e-02
1.156267616897821426e-02
1.468772441148757935e-02
1.156267616897821426e-02
1.156267616897821426e-02
1.156267616897821426e-02
1.218768581748008728e-02
1.250019110739231110e-02
1.125017181038856506e-02
1.250019110739231110e-02
9.375142864882946014e-03
1.000015251338481903e-02
1.187518145889043808e-02
1.125017181038856506e-02
1.000015251338481903e-02
1.000015251338481903e-02
1.093766652047634125e-02
1.062516216188669205e-02
1.125017181038856506e-02
1.187518145889043808e-02
1.062516216188669205e-02
1.250019110739231110e-02
1.156267616897821426e-02
1.093766652047634125e-02
9.375142864882946014e-03
1.343770511448383331e-02
1.343770511448383331e-02
1.062516216188669205e-02
1.250019110739231110e-02
1.062516216188669205e-02
1.031265687197446823e-02
1.062516216188669205e-02
1.218768581748008728e-02
1.250019110739231110e-02
1.062516216188669205e-02
1.218768581748008728e-02
1.250019110739231110e-02
1.062516216188669205e-02
1.375020947307348251e-02
1.375020947307348251e-02
1.031265687197446823e-02
1.218768581748008728e-02
1.343770511448383331e-02
1.281269546598196030e-02
1.093766652047634125e-02
1.468772441148757935e-02
1.312519982457160950e-02
1.562523841857910156e-02
1.500022877007722855e-02
1.656275242567062378e-02
1.500022877007722855e-02
1.687525771558284760e-02
1.562523841857910156e-02
1.875028572976589203e-02
2.093781903386116028e-02
2.125032432377338409e-02
2.093781903386116028e-02
2.062531374394893646e-02
2.375036291778087616e-02
2.656290493905544281e-02
2.625039964914321899e-02
3.000045754015445709e-02
3.000045754015445709e-02
3.468802943825721741e-02
3.625055402517318726e-02
4.062562063336372375e-02
4.531319066882133484e-02
4.750072583556175232e-02
5.093827843666076660e-02
5.562584847211837769e-02
6.062592566013336182e-02
6.593850255012512207e-02
6.875105202198028564e-02
7.812619209289550781e-02
8.031372725963592529e-02
8.968886733055114746e-02
9.343892335891723633e-02
1.012515425682067871e-01
1.112516969442367554e-01
1.184393092989921570e-01
1.243769004940986633e-01
1.353145688772201538e-01
1.434396803379058838e-01
1.515648066997528076e-01
1.646900177001953125e-01
1.718776226043701172e-01
1.865653395652770996e-01
1.968780010938644409e-01
2.071906626224517822e-01
2.200033515691757202e-01
2.343785762786865234e-01
2.428162097930908203e-01
2.587539553642272949e-01
2.728166580200195312e-01
2.840668261051177979e-01
2.956295013427734375e-01
3.109422326087951660e-01
3.268799781799316406e-01
3.359426259994506836e-01
3.528178930282592773e-01
3.600054979324340820e-01
3.703181445598602295e-01
3.784432709217071533e-01
3.893809318542480469e-01
3.968810439109802246e-01
4.096937477588653564e-01
4.168813526630401611e-01
4.368816614151000977e-01
4.421942532062530518e-01
4.515693783760070801e-01
4.618820548057556152e-01
4.687571525573730469e-01
4.790697991847991943e-01
4.890699684619903564e-01
4.934450387954711914e-01
4.996951222419738770e-01
5.071952342987060547e-01
5.156328678131103516e-01
5.190703868865966797e-01
5.240705013275146484e-01
5.312581062316894531e-01
5.337581634521484375e-01
5.434457659721374512e-01
5.471958518028259277e-01
5.587584972381591797e-01
5.606335401535034180e-01
5.687586665153503418e-01
5.718837380409240723e-01
5.803213715553283691e-01
5.803213715553283691e-01
5.887590050697326660e-01
5.896964669227600098e-01
5.918840169906616211e-01
5.918840169906616211e-01
5.959466099739074707e-01
5.965716242790222168e-01
5.928215384483337402e-01
5.956341028213500977e-01
5.993841290473937988e-01
6.059467196464538574e-01
6.056342124938964844e-01
6.134468317031860352e-01
6.118843555450439453e-01
6.153218746185302734e-01
6.178219318389892578e-01
6.250095367431640625e-01
6.225094795227050781e-01
6.240720152854919434e-01
6.184469461441040039e-01
6.234470009803771973e-01
6.246970295906066895e-01
6.246970295906066895e-01
6.275095939636230469e-01
6.237595081329345703e-01
6.284470558166503906e-01
6.281346082687377930e-01
6.290720701217651367e-01
6.275095939636230469e-01
6.309471130371093750e-01
6.253220438957214355e-01
6.303220987319946289e-01
6.337596774101257324e-01
6.362596750259399414e-01
6.331346631050109863e-01
6.346971988677978516e-01
6.331346631050109863e-01
6.350097060203552246e-01
6.356347203254699707e-01
6.356347203254699707e-01
6.371971964836120605e-01
6.371971964836120605e-01
6.443848013877868652e-01
6.362596750259399414e-01
6.412597894668579102e-01
6.381347179412841797e-01
6.362596750259399414e-01
6.346971988677978516e-01
6.390722393989562988e-01
6.378222107887268066e-01
6.425098180770874023e-01
6.375097036361694336e-01
6.409472823143005371e-01
6.406347751617431641e-01
6.371971964836120605e-01
6.450098156929016113e-01
6.459473371505737305e-01
6.453223228454589844e-01
6.446973085403442383e-01
6.462598443031311035e-01
6.481348872184753418e-01
6.490724086761474609e-01
6.437598466873168945e-01
6.490724086761474609e-01
6.431348323822021484e-01
6.446973085403442383e-01
6.431348323822021484e-01
6.400097608566284180e-01
6.462598443031311035e-01
6.446973085403442383e-01
6.378222107887268066e-01
6.465723514556884766e-01
6.509474515914916992e-01
6.459473371505737305e-01
6.493849158287048340e-01
6.503224372863769531e-01
6.528224349021911621e-01
6.462598443031311035e-01
6.503224372863769531e-01
6.456348299980163574e-01
6.462598443031311035e-01
6.390722393989562988e-01
6.446973085403442383e-01
6.425098180770874023e-01
6.471973657608032227e-01
6.415722966194152832e-01
6.481348872184753418e-01
6.446973085403442383e-01
6.500099301338195801e-01
6.453223228454589844e-01
6.484473943710327148e-01
6.550099849700927734e-01
6.521974205970764160e-01
6.490724086761474609e-01
6.446973085403442383e-01
6.521974205970764160e-01
6.462598443031311035e-01
6.481348872184753418e-01
6.484473943710327148e-01
6.490724086761474609e-01
6.440722942352294922e-01
6.478223800659179688e-01
6.503224372863769531e-01
6.543849706649780273e-01
6.534474492073059082e-01
6.503224372863769531e-01
6.493849158287048340e-01
6.468848586082458496e-01
6.506349444389343262e-01
6.525099277496337891e-01
6.531349420547485352e-01
6.509474515914916992e-01
6.481348872184753418e-01
6.462598443031311035e-01
6.465723514556884766e-01
6.459473371505737305e-01
6.559475064277648926e-01
6.518849134445190430e-01
6.531349420547485352e-01
6.468848586082458496e-01
6.481348872184753418e-01
6.553224921226501465e-01
6.581350564956665039e-01
6.565725207328796387e-01
6.540724635124206543e-01
6.553224921226501465e-01
6.525099277496337891e-01
6.534474492073059082e-01
6.528224349021911621e-01
6.546974778175354004e-01
6.540724635124206543e-01
6.518849134445190430e-01
6.546974778175354004e-01
6.531349420547485352e-01
6.565725207328796387e-01
6.556349992752075195e-01
6.543849706649780273e-01
6.550099849700927734e-01
6.525099277496337891e-01
6.515724658966064453e-01
6.531349420547485352e-01
6.459473371505737305e-01
6.490724086761474609e-01
6.465723514556884766e-01
6.487599015235900879e-01
6.543849706649780273e-01
6.534474492073059082e-01
6.556349992752075195e-01
6.600100398063659668e-01
6.600100398063659668e-01
6.575100421905517578e-01
6.559475064277648926e-01
6.571975350379943848e-01
6.559475064277648926e-01
6.531349420547485352e-01
6.525099277496337891e-01
6.525099277496337891e-01
6.565725207328796387e-01
6.475098729133605957e-01
6.500099301338195801e-01
6.506349444389343262e-01
6.521974205970764160e-01
6.509474515914916992e-01
6.575100421905517578e-01
6.543849706649780273e-01
6.575100421905517578e-01
6.568850278854370117e-01
6.587600708007812500e-01
6.571975350379943848e-01
6.559475064277648926e-01
6.534474492073059082e-01
6.543849706649780273e-01
6.503224372863769531e-01
6.468848586082458496e-01
6.512599587440490723e-01
6.503224372863769531e-01
6.531349420547485352e-01
6.534474492073059082e-01
6.515724658966064453e-01
6.500099301338195801e-01
6.578225493431091309e-01
6.537599563598632812e-01
6.618850827217102051e-01
6.537599563598632812e-01
6.546974778175354004e-01
6.540724635124206543e-01
6.537599563598632812e-01
6.512599587440490723e-01
6.493849158287048340e-01
6.484473943710327148e-01
6.537599563598632812e-01
6.481348872184753418e-01
6.556349992752075195e-01
6.553224921226501465e-01
6.553224921226501465e-01
6.553224921226501465e-01
6.568850278854370117e-01
6.556349992752075195e-01
6.503224372863769531e-01
6.562600135803222656e-01
6.509474515914916992e-01
6.546974778175354004e-01
6.475098729133605957e-01
6.528224349021911621e-01
6.471973657608032227e-01
6.521974205970764160e-01
6.487599015235900879e-01
6.537599563598632812e-01
6.571975350379943848e-01
6.571975350379943848e-01
6.540724635124206543e-01
6.559475064277648926e-01
6.543849706649780273e-01
6.559475064277648926e-01
6.540724635124206543e-01
6.540724635124206543e-01
6.568850278854370117e-01
6.500099301338195801e-01
6.518849134445190430e-01
6.456348299980163574e-01
6.521974205970764160e-01
6.537599563598632812e-01
6.534474492073059082e-01
6.550099849700927734e-01
6.587600708007812500e-01
6.581350564956665039e-01
6.571975350379943848e-01
6.581350564956665039e-01
6.571975350379943848e-01
6.540724635124206543e-01
6.525099277496337891e-01
6.550099849700927734e-01
6.484473943710327148e-01
6.512599587440490723e-01
6.550099849700927734e-01
6.512599587440490723e-01
6.475098729133605957e-01
6.509474515914916992e-01
6.490724086761474609e-01
6.546974778175354004e-01
6.578225493431091309e-01
6.546974778175354004e-01
6.515724658966064453e-01
6.584475636482238770e-01
6.525099277496337891e-01
6.528224349021911621e-01
6.503224372863769531e-01
6.515724658966064453e-01
6.490724086761474609e-01
6.506349444389343262e-01
6.468848586082458496e-01
6.500099301338195801e-01
6.531349420547485352e-01
6.484473943710327148e-01
6.578225493431091309e-01
6.506349444389343262e-01
6.568850278854370117e-01
6.506349444389343262e-01
6.575100421905517578e-01
6.531349420547485352e-01
6.553224921226501465e-01
6.515724658966064453e-01
6.537599563598632812e-01
6.525099277496337891e-01
6.509474515914916992e-01
6.506349444389343262e-01
6.506349444389343262e-01
6.509474515914916992e-01
6.565725207328796387e-01
6.559475064277648926e-01
6.543849706649780273e-01
6.543849706649780273e-01
6.515724658966064453e-01
6.546974778175354004e-01
6.490724086761474609e-01
6.537599563598632812e-01
6.490724086761474609e-01
6.521974205970764160e-01
6.481348872184753418e-01
6.484473943710327148e-01
6.496974229812622070e-01
6.509474515914916992e-01
6.515724658966064453e-01
6.568850278854370117e-01
6.559475064277648926e-01
6.543849706649780273e-01
6.537599563598632812e-01
6.562600135803222656e-01
6.568850278854370117e-01
6.556349992752075195e-01
6.556349992752075195e-01
6.493849158287048340e-01
6.503224372863769531e-01
6.490724086761474609e-01
6.496974229812622070e-01
6.440722942352294922e-01
6.512599587440490723e-01
6.509474515914916992e-01
6.512599587440490723e-01
6.525099277496337891e-01
6.506349444389343262e-01
6.518849134445190430e-01
6.471973657608032227e-01
6.531349420547485352e-01
6.506349444389343262e-01
6.534474492073059082e-01
6.475098729133605957e-01
6.515724658966064453e-01
6.456348299980163574e-01
6.509474515914916992e-01
6.450098156929016113e-01
6.518849134445190430e-01
6.487599015235900879e-01
6.471973657608032227e-01
6.484473943710327148e-01
6.546974778175354004e-01
6.506349444389343262e-01
6.515724658966064453e-01
6.493849158287048340e-01
6.515724658966064453e-01
6.534474492073059082e-01
6.512599587440490723e-01
6.512599587440490723e-01
6.496974229812622070e-01
6.484473943710327148e-01
6.396972537040710449e-01
6.481348872184753418e-01
6.484473943710327148e-01
6.500099301338195801e-01
6.446973085403442383e-01
6.465723514556884766e-01
6.481348872184753418e-01
6.509474515914916992e-01
6.525099277496337891e-01
6.534474492073059082e-01
6.534474492073059082e-01
6.553224921226501465e-01
6.528224349021911621e-01
6.481348872184753418e-01
6.553224921226501465e-01
6.512599587440490723e-01
6.521974205970764160e-01
6.462598443031311035e-01
6.534474492073059082e-01
6.487599015235900879e-01
6.537599563598632812e-01
6.487599015235900879e-01
6.481348872184753418e-01
6.521974205970764160e-01
6.506349444389343262e-01
6.496974229812622070e-01
6.468848586082458496e-01
6.484473943710327148e-01
6.437598466873168945e-01
6.453223228454589844e-01
6.471973657608032227e-01
6.478223800659179688e-01
6.481348872184753418e-01
6.471973657608032227e-01
6.503224372863769531e-01
6.518849134445190430e-01
6.534474492073059082e-01
6.553224921226501465e-01
6.550099849700927734e-01
6.531349420547485352e-01
6.465723514556884766e-01
6.478223800659179688e-01
6.462598443031311035e-01
6.475098729133605957e-01
6.471973657608032227e-01
6.415722966194152832e-01
6.468848586082458496e-01
6.484473943710327148e-01
6.506349444389343262e-01
6.471973657608032227e-01
6.493849158287048340e-01
6.525099277496337891e-01
6.500099301338195801e-01
6.509474515914916992e-01
6.550099849700927734e-01
6.509474515914916992e-01
6.437598466873168945e-01
6.478223800659179688e-01
6.515724658966064453e-01
6.437598466873168945e-01
6.387597322463989258e-01
6.400097608566284180e-01
6.428223252296447754e-01
6.468848586082458496e-01
6.425098180770874023e-01
6.437598466873168945e-01
6.403222680091857910e-01
6.521974205970764160e-01
6.484473943710327148e-01
6.525099277496337891e-01
6.481348872184753418e-01
6.446973085403442383e-01
6.509474515914916992e-01
6.456348299980163574e-01
6.378222107887268066e-01
6.396972537040710449e-01
6.396972537040710449e-01
6.343846917152404785e-01
6.425098180770874023e-01
6.409472823143005371e-01
6.468848586082458496e-01
6.421973109245300293e-01
6.415722966194152832e-01
6.418848037719726562e-01
6.565725207328796387e-01
6.487599015235900879e-01
6.515724658966064453e-01
6.415722966194152832e-01
6.493849158287048340e-01
6.518849134445190430e-01
6.559475064277648926e-01
6.418848037719726562e-01
6.396972537040710449e-01
6.490724086761474609e-01
6.312596201896667480e-01
6.331346631050109863e-01
6.415722966194152832e-01
6.393847465515136719e-01
6.365721821784973145e-01
6.459473371505737305e-01
6.393847465515136719e-01
6.421973109245300293e-01
6.446973085403442383e-01
6.478223800659179688e-01
6.406347751617431641e-01
6.390722393989562988e-01
6.409472823143005371e-01
6.362596750259399414e-01
6.409472823143005371e-01
6.431348323822021484e-01
6.387597322463989258e-01
6.375097036361694336e-01
6.443848013877868652e-01
6.353222131729125977e-01
6.437598466873168945e-01
6.371971964836120605e-01
6.434473395347595215e-01
6.381347179412841797e-01
6.384472250938415527e-01
6.346971988677978516e-01
6.368846893310546875e-01
6.387597322463989258e-01
6.381347179412841797e-01
6.390722393989562988e-01
6.406347751617431641e-01
6.450098156929016113e-01
6.443848013877868652e-01
6.465723514556884766e-01
6.456348299980163574e-01
6.462598443031311035e-01
6.453223228454589844e-01
6.459473371505737305e-01
6.406347751617431641e-01
6.390722393989562988e-01
6.384472250938415527e-01
6.381347179412841797e-01
6.356347203254699707e-01
6.378222107887268066e-01
6.337596774101257324e-01
6.287595629692077637e-01
6.393847465515136719e-01
6.384472250938415527e-01
6.431348323822021484e-01
6.418848037719726562e-01
6.471973657608032227e-01
6.406347751617431641e-01
6.459473371505737305e-01
6.421973109245300293e-01
6.418848037719726562e-01
6.396972537040710449e-01
6.371971964836120605e-01
6.312596201896667480e-01
6.362596750259399414e-01
6.303220987319946289e-01
6.340721845626831055e-01
6.387597322463989258e-01
6.415722966194152832e-01
6.418848037719726562e-01
6.381347179412841797e-01
6.440722942352294922e-01
6.434473395347595215e-01
6.468848586082458496e-01
6.425098180770874023e-01
6.478223800659179688e-01
6.381347179412841797e-01
6.409472823143005371e-01
6.362596750259399414e-01
6.393847465515136719e-01
6.343846917152404785e-01
6.365721821784973145e-01
6.340721845626831055e-01
6.343846917152404785e-01
6.331346631050109863e-01
6.378222107887268066e-01
6.390722393989562988e-01
6.375097036361694336e-01
6.418848037719726562e-01
6.384472250938415527e-01
6.450098156929016113e-01
6.412597894668579102e-01
6.403222680091857910e-01
6.371971964836120605e-01
6.396972537040710449e-01
6.300095915794372559e-01
6.384472250938415527e-01
6.378222107887268066e-01
6.371971964836120605e-01
6.340721845626831055e-01
6.381347179412841797e-01
6.421973109245300293e-01
6.396972537040710449e-01
6.421973109245300293e-01
6.396972537040710449e-01
6.409472823143005371e-01
6.396972537040710449e-01
6.443848013877868652e-01
6.412597894668579102e-01
6.400097608566284180e-01
6.356347203254699707e-01
6.400097608566284180e-01
6.362596750259399414e-01
6.381347179412841797e-01
6.384472250938415527e-01
6.381347179412841797e-01
6.396972537040710449e-01
6.390722393989562988e-01
6.384472250938415527e-01
6.387597322463989258e-01
6.375097036361694336e-01
6.378222107887268066e-01
6.350097060203552246e-01
6.309471130371093750e-01
6.312596201896667480e-01
6.390722393989562988e-01
6.393847465515136719e-01
6.384472250938415527e-01
6.406347751617431641e-01
6.378222107887268066e-01
6.437598466873168945e-01
6.409472823143005371e-01
6.428223252296447754e-01
6.409472823143005371e-01
6.403222680091857910e-01
6.406347751617431641e-01
6.381347179412841797e-01
6.309471130371093750e-01
6.309471130371093750e-01
6.356347203254699707e-01
6.303220987319946289e-01
6.356347203254699707e-01
6.350097060203552246e-01
6.353222131729125977e-01
6.343846917152404785e-01
6.365721821784973145e-01
6.378222107887268066e-01
6.431348323822021484e-01
6.403222680091857910e-01
6.446973085403442383e-01
6.421973109245300293e-01
6.437598466873168945e-01
6.331346631050109863e-01
6.325096487998962402e-01
6.290720701217651367e-01
6.343846917152404785e-01
6.315721273422241211e-01
6.312596201896667480e-01
6.300095915794372559e-01
6.293845772743225098e-01
6.387597322463989258e-01
6.353222131729125977e-01
6.365721821784973145e-01
6.365721821784973145e-01
6.378222107887268066e-01
6.378222107887268066e-01
6.390722393989562988e-01
6.400097608566284180e-01
6.390722393989562988e-01
6.346971988677978516e-01
6.325096487998962402e-01
6.290720701217651367e-01
6.331346631050109863e-01
6.315721273422241211e-01
6.315721273422241211e-01
6.359472274780273438e-01
6.293845772743225098e-01
6.371971964836120605e-01
6.384472250938415527e-01
6.403222680091857910e-01
6.356347203254699707e-01
6.375097036361694336e-01
6.306346058845520020e-01
6.381347179412841797e-01
6.325096487998962402e-01
6.365721821784973145e-01
6.306346058845520020e-01
6.337596774101257324e-01
6.275095939636230469e-01
6.275095939636230469e-01
6.268845796585083008e-01
