-0.23519834876060486
-0.27375417947769165
0.3959435522556305
0.021562829613685608
-0.41688135266304016
0.22844098508358002
0.2681290805339813
-0.4018811285495758
-0.02718791551887989
0.4112562835216522
-0.23406606912612915
-0.274066686630249
0.3959435522556305
0.021562829613685608
-0.41688135266304016
0.22844098508358002
0.2684415876865387
-0.4018811285495758
-0.027500418946146965
0.4112562835216522
-0.23437857627868652
-0.274066686630249
0.3962560296058655
0.021875333040952682
-0.41719385981559753
0.22844098508358002
0.2684415876865387
-0.40156862139701843
-0.02781292423605919
0.4115687906742096
-0.23406606912612915
-0.2743791937828064
0.3693806231021881
0.0
-0.37719324231147766
0.22594094276428223
0.23031601309776306
-0.3753182291984558
-0.0056250859051942825
0.37125566601753235
-0.231253519654274
-0.2359410971403122
0.3696931302547455
0.0
-0.37719324231147766
0.22562843561172485
0.23031601309776306
-0.3753182291984558
-0.0056250859051942825
0.3715681731700897
-0.231253519654274
-0.2359410971403122
0.37000563740730286
0.0
-0.37750574946403503
0.22562843561172485
0.23062852025032043
-0.3756307363510132
-0.0056250859051942825
0.3718806803226471
-0.23156602680683136
-0.23625360429286957
0.37000563740730286
0.0003125047660432756
-0.37750574946403503
0.22594094276428223
0.23031601309776306
-0.3756307363510132
-0.005937590729445219
0.3718806803226471
-0.231253519654274
-0.23625360429286957
0.37000563740730286
0.0003125047660432756
-0.3781307637691498
0.22562843561172485
0.2309410274028778
-0.37594324350357056
-0.0062500955536961555
0.37219318747520447
-0.231253519654274
-0.23656611144542694
0.37031814455986023
0.0003125047660432756
-0.3781307637691498
0.22562843561172485
0.231253519654274
-0.37594324350357056
-0.0062500955536961555
0.37250569462776184
-0.23187853395938873
-0.23687861859798431
0.37031814455986023
0.0003125047660432756
-0.37844327092170715
0.22594094276428223
0.23156602680683136
-0.37625575065612793
-0.0062500955536961555
0.37250569462776184
-0.23156602680683136
-0.2371911108493805
0.370943158864975
0.0006250095320865512
-0.37844327092170715
0.22594094276428223
0.23156602680683136
-0.37625575065612793
-0.0062500955536961555
0.3728181719779968
-0.23156602680683136
-0.2371911108493805
0.370943158864975
0.0006250095320865512
-0.3790682852268219
0.22594094276428223
0.23187853395938873
-0.3765682578086853
-0.0062500955536961555
0.3728181719779968
-0.23156602680683136
-0.23750361800193787
0.370943158864975
0.0006250095320865512
-0.3787557780742645
0.22594094276428223
0.23187853395938873
-0.3765682578086853
-0.006562599912285805
0.3731306791305542
-0.23156602680683136
-0.23750361800193787
0.370943158864975
0.0009375142981298268
-0.3790682852268219
0.22594094276428223
0.2321910411119461
-0.3765682578086853
-0.006562599912285805
0.3734431862831116
-0.23156602680683136
-0.23781612515449524
0.370943158864975
0.0009375142981298268
-0.37969329953193665
0.22562843561172485
0.23250354826450348
-0.3768807351589203
-0.006875104736536741
0.3734431862831116
-0.23187853395938873
-0.23781612515449524
0.37125566601753235
0.0009375142981298268
-0.37969329953193665
0.22594094276428223
0.23250354826450348
-0.3768807351589203
-0.007187609560787678
0.37375569343566895
-0.23187853395938873
-0.2381286323070526
0.3715681731700897
0.0012500190641731024
-0.37969329953193665
0.2262534499168396
0.23250354826450348
-0.37750574946403503
-0.006875104736536741
0.3740682005882263
-0.23156602680683136
-0.23844113945960999
0.3718806803226471
0.0012500190641731024
-0.380005806684494
0.2262534499168396
0.23281605541706085
-0.37750574946403503
-0.007187609560787678
0.3743807077407837
-0.23187853395938873
-0.23875364661216736
0.3718806803226471
0.0015625238884240389
-0.3803183138370514
0.2262534499168396
0.23312856256961823
-0.37750574946403503
-0.007187609560787678
0.37469321489334106
-0.23187853395938873
-0.23875364661216736
0.3718806803226471
0.0012500190641731024
-0.3803183138370514
0.22594094276428223
0.2334410548210144
-0.37750574946403503
-0.007187609560787678
0.37469321489334106
-0.23156602680683136
-0.23906613886356354
0.3718806803226471
0.0015625238884240389
-0.3806307911872864
0.2262534499168396
0.2334410548210144
-0.37750574946403503
-0.007500114385038614
0.37500572204589844
-0.23187853395938873
-0.23906613886356354
0.37219318747520447
0.0015625238884240389
-0.38094329833984375
0.2262534499168396
0.23375356197357178
-0.3781307637691498
-0.00781261920928955
0.37500572204589844
-0.23187853395938873
-0.23906613886356354
0.37250569462776184
0.0018750285962596536
-0.3812558054924011
0.2262534499168396
0.23406606912612915
-0.3781307637691498
-0.00781261920928955
0.3753182291984558
-0.23156602680683136
-0.23969115316867828
0.37250569462776184
0.0018750285962596536
-0.3815683126449585
0.2262534499168396
0.23375356197357178
-0.37844327092170715
-0.007500114385038614
0.3756307363510132
-0.2321910411119461
-0.23969115316867828
0.3731306791305542
0.0021875333040952682
-0.3815683126449585
0.2262534499168396
0.23406606912612915
-0.3787557780742645
-0.00781261920928955
0.37594324350357056
-0.2321910411119461
-0.24000366032123566
0.3728181719779968
0.0021875333040952682
-0.3815683126449585
0.2262534499168396
0.2346910834312439
-0.3787557780742645
-0.00781261920928955
0.37625575065612793
-0.23187853395938873
-0.24031616747379303
0.3728181719779968
0.0021875333040952682
-0.38188081979751587
0.2262534499168396
0.2346910834312439
-0.3787557780742645
-0.0081251235678792
0.37625575065612793
-0.2321910411119461
-0.2406286746263504
0.3731306791305542
0.0021875333040952682
-0.38219332695007324
0.2262534499168396
0.2346910834312439
-0.3790682852268219
-0.00781261920928955
0.3765682578086853
-0.2321910411119461
-0.2406286746263504
0.3734431862831116
0.0025000381283462048
-0.3825058341026306
0.2262534499168396
0.23531608283519745
-0.3790682852268219
-0.0081251235678792
0.3765682578086853
-0.23187853395938873
-0.24094118177890778
0.3734431862831116
0.0025000381283462048
-0.3825058341026306
0.2262534499168396
0.23531608283519745
-0.3790682852268219
-0.0081251235678792
0.3768807351589203
-0.2321910411119461
-0.24125367403030396
0.37375569343566895
0.0028125429525971413
-0.382818341255188
0.2262534499168396
0.23531608283519745
-0.3790682852268219
-0.008750133216381073
0.3768807351589203
-0.2321910411119461
-0.24094118177890778
0.37375569343566895
0.0028125429525971413
-0.38313084840774536
0.22656595706939697
0.23562858998775482
-0.3793807923793793
-0.0081251235678792
0.37719324231147766
-0.2321910411119461
-0.24125367403030396
0.3740682005882263
0.0028125429525971413
-0.38313084840774536
0.22656595706939697
0.2359410971403122
-0.37969329953193665
-0.008437628857791424
0.37750574946403503
-0.2321910411119461
-0.24156618118286133
0.3740682005882263
0.0028125429525971413
-0.3837558627128601
0.22656595706939697
0.23625360429286957
-0.37969329953193665
-0.008750133216381073
0.37750574946403503
-0.2321910411119461
-0.24156618118286133
0.3743807077407837
0.0028125429525971413
-0.3837558627128601
0.22656595706939697
0.23656611144542694
-0.380005806684494
-0.008750133216381073
0.3781307637691498
-0.2321910411119461
-0.2418786883354187
0.3743807077407837
0.0031250477768480778
-0.3840683698654175
0.22687846422195435
0.23656611144542694
-0.380005806684494
-0.009062638506293297
0.3781307637691498
-0.23250354826450348
-0.24219119548797607
0.3743807077407837
0.0031250477768480778
-0.3840683698654175
0.22656595706939697
0.23656611144542694
-0.3803183138370514
-0.009062638506293297
0.37844327092170715
-0.2321910411119461
-0.24219119548797607
0.37469321489334106
0.0034375523682683706
-0.38438087701797485
0.22656595706939697
0.23656611144542694
-0.380005806684494
-0.009375142864882946
0.3787557780742645
-0.23250354826450348
-0.24250370264053345
0.37500572204589844
0.0034375523682683706
-0.38438087701797485
0.22687846422195435
0.23687861859798431
-0.3806307911872864
-0.009062638506293297
0.3787557780742645
-0.2321910411119461
-0.24250370264053345
0.37500572204589844
0.003750057192519307
-0.38469335436820984
0.22656595706939697
0.2371911108493805
-0.3806307911872864
-0.009375142864882946
0.3790682852268219
-0.23250354826450348
-0.24281620979309082
0.3753182291984558
0.003750057192519307
-0.3850058615207672
0.22656595706939697
0.23750361800193787
-0.38094329833984375
-0.00968764815479517
0.3793807923793793
-0.23250354826450348
-0.243128702044487
0.3753182291984558
0.003750057192519307
-0.3853183686733246
0.22656595706939697
0.23750361800193787
-0.3812558054924011
-0.009375142864882946
0.3793807923793793
-0.2321910411119461
-0.243128702044487
0.3753182291984558
0.003750057192519307
-0.3853183686733246
0.22687846422195435
0.23781612515449524
-0.38094329833984375
-0.00968764815479517
0.3793807923793793
-0.23250354826450348
-0.24344120919704437
0.3753182291984558
0.003750057192519307
-0.38563087582588196
0.22687846422195435
0.2381286323070526
-0.3812558054924011
-0.00968764815479517
0.380005806684494
-0.23281605541706085
-0.24375371634960175
0.37594324350357056
0.0040625617839396
-0.38594338297843933
0.22687846422195435
0.2381286323070526
-0.3812558054924011
-0.00968764815479517
0.380005806684494
-0.23250354826450348
-0.24406622350215912
0.37594324350357056
0.0043750666081905365
-0.3862558901309967
0.22687846422195435
0.23844113945960999
-0.3815683126449585
-0.010312656871974468
0.3803183138370514
-0.23250354826450348
-0.24406622350215912
0.37625575065612793
0.0040625617839396
-0.3862558901309967
0.22687846422195435
0.23844113945960999
-0.38188081979751587
-0.010312656871974468
0.3806307911872864
-0.23250354826450348
-0.2443787306547165
0.37625575065612793
0.0043750666081905365
-0.3865683972835541
0.22687846422195435
0.23875364661216736
-0.38188081979751587
-0.010312656871974468
0.3806307911872864
-0.23250354826450348
-0.24469123780727386
0.37625575065612793
0.004687571432441473
-0.3865683972835541
0.22687846422195435
0.23906613886356354
-0.38188081979751587
-0.010000152513384819
0.3812558054924011
-0.23250354826450348
-0.24469123780727386
0.37625575065612793
0.004687571432441473
-0.38688090443611145
0.22687846422195435
0.2393786460161209
-0.38219332695007324
-0.010312656871974468
0.3812558054924011
-0.23281605541706085
-0.24500373005867004
0.3768807351589203
0.004687571432441473
-0.38688090443611145
0.22687846422195435
0.2393786460161209
-0.38219332695007324
-0.010625162161886692
0.3815683126449585
-0.23281605541706085
-0.24500373005867004
0.3765682578086853
0.004687571432441473
-0.3871934115886688
0.22719097137451172
0.23969115316867828
-0.382818341255188
-0.010312656871974468
0.3815683126449585
-0.23281605541706085
-0.2456287443637848
0.3768807351589203
0.0050000762566924095
-0.3875059187412262
0.22687846422195435
0.24000366032123566
-0.3825058341026306
-0.010625162161886692
0.38188081979751587
-0.23281605541706085
-0.2456287443637848
0.37719324231147766
0.0050000762566924095
-0.38781842589378357
0.22687846422195435
0.23969115316867828
-0.382818341255188
-0.010625162161886692
0.38188081979751587
-0.23281605541706085
-0.2456287443637848
0.37719324231147766
0.005312581080943346
-0.38781842589378357
0.22687846422195435
0.24031616747379303
-0.382818341255188
-0.011250171810388565
0.38219332695007324
-0.23281605541706085
-0.24594125151634216
0.37750574946403503
0.0050000762566924095
-0.38813093304634094
0.22719097137451172
0.24031616747379303
-0.382818341255188
-0.011250171810388565
0.3825058341026306
-0.23281605541706085
-0.24594125151634216
0.37750574946403503
0.005312581080943346
-0.38813093304634094
0.22719097137451172
0.24031616747379303
-0.38313084840774536
-0.011250171810388565
0.3825058341026306
-0.23281605541706085
-0.24625375866889954
0.37750574946403503
0.005312581080943346
-0.3884434103965759
0.22719097137451172
0.2406286746263504
-0.38344335556030273
-0.010937666520476341
0.3825058341026306
-0.23281605541706085
-0.2465662658214569
0.3778182566165924
0.005312581080943346
-0.3887559175491333
0.22719097137451172
0.24094118177890778
-0.38344335556030273
-0.011562676168978214
0.382818341255188
-0.23281605541706085
-0.24625375866889954
0.3781307637691498
0.0056250859051942825
-0.3887559175491333
0.2275034636259079
0.24125367403030396
-0.3837558627128601
-0.011250171810388565
0.38344335556030273
-0.23281605541706085
-0.2468787580728531
0.3781307637691498
0.0056250859051942825
-0.38938093185424805
0.22719097137451172
0.24125367403030396
-0.3837558627128601
-0.011562676168978214
0.3837558627128601
-0.23312856256961823
-0.2468787580728531
0.3781307637691498
0.0056250859051942825
-0.38938093185424805
0.22719097137451172
0.24156618118286133
-0.3837558627128601
-0.011562676168978214
0.3837558627128601
-0.23281605541706085
-0.2468787580728531
0.37844327092170715
0.005937590729445219
-0.3896934390068054
0.22687846422195435
0.2418786883354187
-0.3840683698654175
-0.011562676168978214
0.3840683698654175
-0.23312856256961823
-0.24750377237796783
0.37844327092170715
0.005937590729445219
-0.3900059461593628
0.22719097137451172
0.2418786883354187
-0.3840683698654175
-0.011875181458890438
0.38438087701797485
-0.23281605541706085
-0.2478162795305252
0.3787557780742645
0.0062500955536961555
-0.3900059461593628
0.2275034636259079
0.24219119548797607
-0.3840683698654175
-0.012187685817480087
0.3840683698654175
-0.23312856256961823
-0.2478162795305252
0.3787557780742645
0.006562599912285805
-0.3900059461593628
0.22719097137451172
0.24219119548797607
-0.38438087701797485
-0.012187685817480087
0.38469335436820984
-0.23312856256961823
-0.2478162795305252
0.3790682852268219
0.006562599912285805
-0.39031845331192017
0.2275034636259079
0.24281620979309082
-0.38469335436820984
-0.012187685817480087
0.38469335436820984
-0.2334410548210144
-0.24812878668308258
0.3787557780742645
0.006562599912285805
-0.3909434676170349
0.2275034636259079
0.24250370264053345
-0.38469335436820984
-0.012500191107392311
0.3850058615207672
-0.23312856256961823
-0.24844129383563995
0.3790682852268219
0.006562599912285805
-0.39063096046447754
0.2275034636259079
0.24250370264053345
-0.3850058615207672
-0.012500191107392311
0.3850058615207672
-0.23312856256961823
-0.24844129383563995
0.3790682852268219
0.006875104736536741
-0.3909434676170349
0.22719097137451172
0.243128702044487
-0.3850058615207672
-0.012500191107392311
0.3853183686733246
-0.23312856256961823
-0.24844129383563995
0.3793807923793793
0.006875104736536741
-0.3912559747695923
0.22781597077846527
0.243128702044487
-0.3853183686733246
-0.01281269546598196
0.3853183686733246
-0.23312856256961823
-0.2490662932395935
0.380005806684494
0.006875104736536741
-0.3912559747695923
0.2275034636259079
0.24375371634960175
-0.3853183686733246
-0.01281269546598196
0.38594338297843933
-0.23312856256961823
-0.24937880039215088
0.37969329953193665
0.007187609560787678
-0.39156848192214966
0.2275034636259079
0.24344120919704437
-0.3853183686733246
-0.01281269546598196
0.38594338297843933
-0.23312856256961823
-0.24937880039215088
0.380005806684494
0.007500114385038614
-0.39156848192214966
0.2275034636259079
0.24406622350215912
-0.38563087582588196
-0.01312519982457161
0.38594338297843933
-0.23312856256961823
-0.24937880039215088
0.380005806684494
0.007187609560787678
-0.39188098907470703
0.2275034636259079
0.24406622350215912
-0.38563087582588196
-0.01312519982457161
0.3862558901309967
-0.2334410548210144
-0.2500038146972656
0.3803183138370514
0.007500114385038614
-0.3925059735774994
0.2275034636259079
0.2443787306547165
-0.38594338297843933
-0.01312519982457161
0.3865683972835541
-0.2334410548210144
-0.2500038146972656
0.3803183138370514
0.007500114385038614
-0.3925059735774994
0.2275034636259079
0.2443787306547165
-0.38594338297843933
-0.01312519982457161
0.3865683972835541
-0.23312856256961823
-0.250316321849823
0.3806307911872864
0.007500114385038614
-0.39281848073005676
0.22781597077846527
0.24469123780727386
-0.3862558901309967
-0.013437705114483833
0.38688090443611145
-0.2334410548210144
-0.250316321849823
0.3806307911872864
0.007500114385038614
-0.39281848073005676
0.22781597077846527
0.24469123780727386
-0.3862558901309967
-0.013437705114483833
0.3871934115886688
-0.2334410548210144
-0.25062882900238037
0.38094329833984375
0.00781261920928955
-0.39313098788261414
0.2275034636259079
0.24500373005867004
-0.3862558901309967
-0.013750209473073483
0.3871934115886688
-0.2334410548210144
-0.25062882900238037
0.38094329833984375
0.0081251235678792
-0.3934434950351715
0.22781597077846527
0.24531623721122742
-0.3865683972835541
-0.013750209473073483
0.3871934115886688
-0.2334410548210144
-0.25094133615493774
0.38094329833984375
0.0081251235678792
-0.3934434950351715
0.2275034636259079
0.24531623721122742
-0.3865683972835541
-0.013750209473073483
0.38781842589378357
-0.23312856256961823
-0.2512538433074951
0.3812558054924011
0.0081251235678792
-0.3937560021877289
0.22781597077846527
0.24531623721122742
-0.38688090443611145
-0.014062714762985706
0.38781842589378357
-0.2334410548210144
-0.2515663504600525
0.3812558054924011
0.0081251235678792
-0.39406850934028625
0.22781597077846527
0.2456287443637848
-0.38688090443611145
-0.014375219121575356
0.38813093304634094
-0.2334410548210144
-0.2515663504600525
0.3815683126449585
0.008437628857791424
-0.39438101649284363
0.22781597077846527
0.24594125151634216
-0.38688090443611145
-0.014062714762985706
0.38813093304634094
-0.2334410548210144
-0.2518788278102875
0.38188081979751587
0.008750133216381073
-0.39438101649284363
0.22781597077846527
0.24594125151634216
-0.3871934115886688
-0.014375219121575356
0.3884434103965759
-0.2334410548210144
-0.25219133496284485
0.3815683126449585
0.008437628857791424
-0.394693523645401
0.22781597077846527
0.2465662658214569
-0.3871934115886688
-0.014375219121575356
0.3887559175491333
-0.2334410548210144
-0.25219133496284485
0.38188081979751587
0.008750133216381073
-0.394693523645401
0.22781597077846527
0.2465662658214569
-0.38781842589378357
-0.014375219121575356
0.3890684247016907
-0.23375356197357178
-0.25219133496284485
0.38219332695007324
0.008750133216381073
-0.3950060307979584
0.22781597077846527
0.2468787580728531
-0.38781842589378357
-0.01468772441148758
0.3890684247016907
-0.2334410548210144
-0.2525038421154022
0.38219332695007324
0.009062638506293297
-0.39531853795051575
0.2275034636259079
0.24719126522541046
-0.38781842589378357
-0.015000228770077229
0.38938093185424805
-0.2334410548210144
-0.2528163492679596
0.3825058341026306
0.009062638506293297
-0.39531853795051575
0.22781597077846527
0.24719126522541046
-0.38781842589378357
-0.015000228770077229
0.38938093185424805
-0.23375356197357178
-0.2528163492679596
0.3825058341026306
0.009375142864882946
-0.3956310451030731
0.22781597077846527
0.24750377237796783
-0.38813093304634094
-0.015000228770077229
0.3896934390068054
-0.23375356197357178
-0.25312885642051697
0.3825058341026306
0.009375142864882946
-0.3956310451030731
0.22781597077846527
0.24750377237796783
-0.3884434103965759
-0.015312733128666878
0.3900059461593628
-0.2334410548210144
-0.25312885642051697
0.382818341255188
0.009375142864882946
-0.3959435522556305
0.22781597077846527
0.2478162795305252
-0.3884434103965759
-0.015000228770077229
0.39031845331192017
-0.2334410548210144
-0.25344136357307434
0.382818341255188
0.009375142864882946
-0.3962560296058655
0.22781597077846527
0.24812878668308258
-0.3884434103965759
-0.015312733128666878
0.39031845331192017
-0.23375356197357178
-0.25344136357307434
0.382818341255188
0.009375142864882946
-0.39656853675842285
0.22781597077846527
0.24844129383563995
-0.3884434103965759
-0.015312733128666878
0.3909434676170349
-0.23375356197357178
-0.2537538707256317
0.38313084840774536
0.00968764815479517
-0.3968810439109802
0.22812847793102264
0.24812878668308258
-0.3890684247016907
-0.015312733128666878
0.3909434676170349
-0.23375356197357178
-0.2540663778781891
0.38344335556030273
0.00968764815479517
-0.3968810439109802
0.22812847793102264
0.24844129383563995
-0.3887559175491333
-0.0156252384185791
0.3912559747695923
-0.23375356197357178
-0.25437888503074646
0.38344335556030273
0.010000152513384819
-0.3971935510635376
0.22781597077846527
0.24875380098819733
-0.3890684247016907
-0.015937743708491325
0.3912559747695923
-0.2334410548210144
-0.25437888503074646
0.38344335556030273
0.010000152513384819
-0.3971935510635376
0.22812847793102264
0.2490662932395935
-0.3890684247016907
-0.015937743708491325
0.39156848192214966
-0.23375356197357178
-0.25469139218330383
0.3840683698654175
0.010000152513384819
-0.3971935510635376
0.22781597077846527
0.2490662932395935
-0.3890684247016907
-0.0162502471357584
0.39156848192214966
-0.2334410548210144
-0.25469139218330383
0.3837558627128601
0.010312656871974468
-0.39750605821609497
0.22781597077846527
0.24937880039215088
-0.38938093185424805
-0.015937743708491325
0.39188098907470703
-0.23375356197357178
-0.2550038993358612
0.3840683698654175
0.010312656871974468
-0.39781856536865234
0.22781597077846527
0.24937880039215088
-0.38938093185424805
-0.015937743708491325
0.3921934962272644
-0.23375356197357178
-0.2553164064884186
0.3840683698654175
0.010312656871974468
-0.39781856536865234
0.22781597077846527
0.2500038146972656
-0.3896934390068054
-0.016562752425670624
0.3921934962272644
-0.23375356197357178
-0.2553164064884186
0.38438087701797485
0.010625162161886692
-0.39781856536865234
0.22812847793102264
0.2500038146972656
-0.3900059461593628
-0.0162502471357584
0.3925059735774994
-0.2334410548210144
-0.25562888383865356
0.38438087701797485
0.010625162161886692
-0.3981310725212097
0.22812847793102264
0.2500038146972656
-0.3900059461593628
-0.016562752425670624
0.3925059735774994
-0.23406606912612915
-0.25594139099121094
0.38438087701797485
0.010937666520476341
-0.3984435796737671
0.22812847793102264
0.250316321849823
-0.3900059461593628
-0.016875257715582848
0.39313098788261414
-0.23375356197357178
-0.25594139099121094
0.38469335436820984
0.010937666520476341
-0.39875608682632446
0.22812847793102264
0.25062882900238037
-0.39031845331192017
-0.016875257715582848
0.39313098788261414
-0.23375356197357178
-0.2562538981437683
0.38469335436820984
0.011250171810388565
-0.39875608682632446
0.22812847793102264
0.250316321849823
-0.39063096046447754
-0.016875257715582848
0.39313098788261414
-0.23375356197357178
-0.2562538981437683
0.3850058615207672
0.011250171810388565
-0.39906859397888184
0.22812847793102264
0.25094133615493774
-0.39063096046447754
-0.016875257715582848
0.3934434950351715
-0.23375356197357178
-0.2565664052963257
0.3850058615207672
0.011250171810388565
-0.3996936082839966
0.22812847793102264
0.25094133615493774
-0.39063096046447754
-0.016875257715582848
0.3937560021877289
-0.23406606912612915
-0.25687891244888306
0.3850058615207672
0.011250171810388565
-0.3996936082839966
0.22812847793102264
0.2512538433074951
-0.3909434676170349
-0.016875257715582848
0.3937560021877289
-0.23375356197357178
-0.25687891244888306
0.3853183686733246
0.011562676168978214
-0.40000611543655396
0.22812847793102264
0.2515663504600525
-0.3909434676170349
-0.01718776300549507
0.39406850934028625
-0.23375356197357178
-0.25719141960144043
0.3853183686733246
0.011562676168978214
-0.40000611543655396
0.22812847793102264
0.2515663504600525
-0.3912559747695923
-0.01718776300549507
0.39438101649284363
-0.23375356197357178
-0.25719141960144043
0.38563087582588196
0.011562676168978214
-0.40031859278678894
0.22844098508358002
0.2518788278102875
-0.3912559747695923
-0.01718776300549507
0.39438101649284363
-0.23406606912612915
-0.2575039267539978
0.38563087582588196
0.011875181458890438
-0.4006310999393463
0.22812847793102264
0.25219133496284485
-0.3909434676170349
-0.01781277172267437
0.394693523645401
-0.23375356197357178
-0.2578164339065552
0.38563087582588196
0.011875181458890438
-0.40031859278678894
0.22812847793102264
0.25219133496284485
-0.3912559747695923
-0.01781277172267437
0.394693523645401
-0.23406606912612915
-0.2578164339065552
0.38563087582588196
0.012187685817480087
-0.4006310999393463
0.22812847793102264
0.2525038421154022
-0.39156848192214966
-0.018125277012586594
0.3950060307979584
-0.23406606912612915
-0.25812894105911255
0.38594338297843933
0.012187685817480087
-0.40125611424446106
0.22812847793102264
0.2525038421154022
-0.39188098907470703
-0.018125277012586594
0.39531853795051575
-0.23406606912612915
-0.2584414482116699
0.38594338297843933
0.012187685817480087
-0.40125611424446106
0.22844098508358002
0.2528163492679596
-0.39156848192214966
-0.018125277012586594
0.3956310451030731
-0.23406606912612915
-0.2584414482116699
0.3862558901309967
0.012500191107392311
-0.40125611424446106
0.22812847793102264
0.25312885642051697
-0.39188098907470703
-0.018125277012586594
0.3956310451030731
-0.23406606912612915
-0.2584414482116699
0.3862558901309967
0.012187685817480087
-0.40125611424446106
0.22844098508358002
0.25344136357307434
-0.39188098907470703
-0.018437780439853668
0.3959435522556305
-0.23375356197357178
-0.2587539553642273
0.3862558901309967
0.012500191107392311
-0.4018811285495758
0.22812847793102264
0.25344136357307434
-0.3921934962272644
-0.018437780439853668
0.3959435522556305
-0.23375356197357178
-0.25906646251678467
0.3865683972835541
0.01281269546598196
-0.4018811285495758
0.22812847793102264
0.2537538707256317
-0.3925059735774994
-0.018750285729765892
0.39656853675842285
-0.23375356197357178
-0.25937896966934204
0.38688090443611145
0.01281269546598196
-0.4021936357021332
0.22844098508358002
0.2537538707256317
-0.3925059735774994
-0.018750285729765892
0.39656853675842285
-0.23437857627868652
-0.259691447019577
0.3865683972835541
0.01281269546598196
-0.40250614285469055
0.22844098508358002
0.2540663778781891
-0.3925059735774994
-0.018750285729765892
0.39656853675842285
-0.23406606912612915
-0.259691447019577
0.3871934115886688
0.01312519982457161
-0.40250614285469055
0.22812847793102264
0.25437888503074646
-0.39281848073005676
-0.019062791019678116
0.3968810439109802
-0.23406606912612915
-0.2600039541721344
0.3871934115886688
0.01312519982457161
-0.4028186500072479
0.22812847793102264
0.25437888503074646
-0.39281848073005676
-0.018750285729765892
0.3971935510635376
-0.23406606912612915
-0.2600039541721344
0.3871934115886688
0.013437705114483833
-0.4031311571598053
0.22812847793102264
0.25437888503074646
-0.39313098788261414
-0.019062791019678116
0.39750605821609497
-0.23406606912612915
-0.2603164613246918
0.3875059187412262
0.013437705114483833
-0.4031311571598053
0.22812847793102264
0.25469139218330383
-0.39313098788261414
-0.019062791019678116
0.39750605821609497
-0.23437857627868652
-0.2603164613246918
0.38781842589378357
0.013437705114483833
-0.40344366431236267
0.22812847793102264
0.2550038993358612
-0.39313098788261414
-0.01937529630959034
0.39781856536865234
-0.23406606912612915
-0.26062896847724915
0.38781842589378357
0.013437705114483833
-0.40375617146492004
0.22844098508358002
0.2553164064884186
-0.3934434950351715
-0.01937529630959034
0.3981310725212097
-0.23406606912612915
-0.2609414756298065
0.38781842589378357
0.013750209473073483
-0.40375617146492004
0.22844098508358002
0.2553164064884186
-0.3934434950351715
-0.019687799736857414
0.3981310725212097
-0.23406606912612915
-0.2609414756298065
0.38781842589378357
0.014062714762985706
-0.40406864881515503
0.22844098508358002
0.2553164064884186
-0.3934434950351715
-0.019687799736857414
0.3984435796737671
-0.23406606912612915
-0.2609414756298065
0.38813093304634094
0.014062714762985706
-0.4043811559677124
0.22844098508358002
0.25594139099121094
-0.3937560021877289
-0.019687799736857414
0.39875608682632446
-0.23406606912612915
-0.26156648993492126
0.38813093304634094
0.014062714762985706
-0.4043811559677124
0.22844098508358002
0.25594139099121094
-0.3937560021877289
-0.019687799736857414
0.39875608682632446
-0.23406606912612915
-0.26156648993492126
0.3884434103965759
0.014062714762985706
-0.4043811559677124
0.22844098508358002
0.2562538981437683
-0.39406850934028625
-0.020000305026769638
0.39875608682632446
-0.23406606912612915
-0.26156648993492126
0.3884434103965759
0.014062714762985706
-0.4046936631202698
0.22844098508358002
0.2562538981437683
-0.39438101649284363
-0.020312810316681862
0.39906859397888184
-0.23406606912612915
-0.26187899708747864
0.3884434103965759
0.014375219121575356
-0.40500617027282715
0.22844098508358002
0.2565664052963257
-0.39406850934028625
-0.020312810316681862
0.39906859397888184
-0.23375356197357178
-0.262191504240036
0.3884434103965759
0.01468772441148758
-0.4053186774253845
0.22844098508358002
0.25687891244888306
-0.394693523645401
-0.020312810316681862
0.3993811011314392
-0.23406606912612915
-0.262191504240036
0.3887559175491333
0.01468772441148758
-0.4056311845779419
0.22844098508358002
0.25687891244888306
-0.394693523645401
-0.020312810316681862
0.3996936082839966
-0.23406606912612915
-0.26281651854515076
0.3890684247016907
0.01468772441148758
-0.4053186774253845
0.22812847793102264
0.25687891244888306
-0.394693523645401
-0.020625313743948936
0.40000611543655396
-0.23406606912612915
-0.2625040113925934
0.38938093185424805
0.01468772441148758
-0.40594369173049927
0.22812847793102264
0.2575039267539978
-0.3950060307979584
-0.020625313743948936
0.40000611543655396
-0.23406606912612915
-0.26312902569770813
0.3890684247016907
0.015000228770077229
-0.40594369173049927
0.22844098508358002
0.2575039267539978
-0.3950060307979584
-0.02093781903386116
0.40031859278678894
-0.23406606912612915
-0.26312902569770813
0.38938093185424805
0.015000228770077229
-0.40625619888305664
0.22844098508358002
0.2575039267539978
-0.3950060307979584
-0.020625313743948936
0.4006310999393463
-0.23406606912612915
-0.2634415030479431
0.38938093185424805
0.015000228770077229
-0.406568706035614
0.22844098508358002
0.2578164339065552
-0.39531853795051575
-0.021250324323773384
0.4006310999393463
-0.23406606912612915
-0.2634415030479431
0.3896934390068054
0.015000228770077229
-0.4068812131881714
0.22844098508358002
0.25812894105911255
-0.39531853795051575
-0.021250324323773384
0.4009436070919037
-0.23406606912612915
-0.2637540102005005
0.3900059461593628
0.015312733128666878
-0.4068812131881714
0.22844098508358002
0.25812894105911255
-0.39531853795051575
-0.021250324323773384
0.40125611424446106
-0.23406606912612915
-0.2637540102005005
0.3896934390068054
0.0156252384185791
-0.4068812131881714
0.22844098508358002
0.2584414482116699
-0.39531853795051575
-0.021250324323773384
0.40125611424446106
-0.23406606912612915
-0.26406651735305786
0.3900059461593628
0.0156252384185791
-0.40719372034072876
0.22844098508358002
0.2584414482116699
-0.3956310451030731
-0.021562829613685608
0.40125611424446106
-0.23406606912612915
-0.26437902450561523
0.39031845331192017
0.015937743708491325
-0.40719372034072876
0.22844098508358002
0.2587539553642273
-0.3959435522556305
-0.021562829613685608
0.4018811285495758
-0.23437857627868652
-0.26437902450561523
0.39031845331192017
0.015937743708491325
-0.4078187048435211
0.22844098508358002
0.25906646251678467
-0.3959435522556305
-0.021875333040952682
0.4021936357021332
-0.23437857627868652
-0.26437902450561523
0.39031845331192017
0.015937743708491325
-0.4078187048435211
0.22844098508358002
0.25906646251678467
-0.3959435522556305
-0.021875333040952682
0.4021936357021332
-0.23406606912612915
-0.26500403881073
0.39031845331192017
0.0162502471357584
-0.4081312119960785
0.22844098508358002
0.25937896966934204
-0.3962560296058655
-0.021875333040952682
0.40250614285469055
-0.23437857627868652
-0.26500403881073
0.39063096046447754
0.016562752425670624
-0.4081312119960785
0.22844098508358002
0.25937896966934204
-0.3962560296058655
-0.021875333040952682
0.40250614285469055
-0.23406606912612915
-0.26500403881073
0.39063096046447754
0.0162502471357584
-0.4081312119960785
0.22844098508358002
0.259691447019577
-0.39656853675842285
-0.022187838330864906
0.40250614285469055
-0.23406606912612915
-0.26531654596328735
0.39063096046447754
0.016562752425670624
-0.40844371914863586
0.2287534922361374
0.2600039541721344
-0.3962560296058655
-0.022187838330864906
0.4028186500072479
-0.23406606912612915
-0.2656290531158447
0.3909434676170349
0.016562752425670624
-0.40875622630119324
0.22844098508358002
0.2600039541721344
-0.3968810439109802
-0.02250034362077713
0.4031311571598053
-0.23406606912612915
-0.2659415602684021
0.3909434676170349
0.016875257715582848
-0.4090687334537506
0.22844098508358002
0.2603164613246918
-0.39656853675842285
-0.02250034362077713
0.4031311571598053
-0.23437857627868652
-0.2662540674209595
0.3912559747695923
0.01718776300549507
-0.4090687334537506
0.22844098508358002
0.2603164613246918
-0.39656853675842285
-0.022812847048044205
0.40344366431236267
-0.23437857627868652
-0.2659415602684021
0.3912559747695923
0.016875257715582848
-0.409381240606308
0.22844098508358002
0.2609414756298065
-0.3968810439109802
-0.022812847048044205
0.40375617146492004
-0.23406606912612915
-0.2662540674209595
0.3912559747695923
0.01718776300549507
-0.40969374775886536
0.22844098508358002
0.2609414756298065
-0.3971935510635376
-0.022812847048044205
0.40406864881515503
-0.23406606912612915
-0.26656657457351685
0.39156848192214966
0.01718776300549507
-0.41000625491142273
0.22844098508358002
0.2609414756298065
-0.3971935510635376
-0.022812847048044205
0.40406864881515503
-0.23437857627868652
-0.26656657457351685
0.39156848192214966
0.01718776300549507
-0.41000625491142273
0.22844098508358002
0.2612539827823639
-0.39750605821609497
-0.02312535233795643
0.40406864881515503
-0.23406606912612915
-0.2668790817260742
0.39188098907470703
0.017500266432762146
-0.41000625491142273
0.2287534922361374
0.26156648993492126
-0.39750605821609497
-0.023437857627868652
0.4043811559677124
-0.23406606912612915
-0.2671915888786316
0.39156848192214966
0.017500266432762146
-0.41000625491142273
0.22844098508358002
0.26187899708747864
-0.39750605821609497
-0.023437857627868652
0.4046936631202698
-0.23406606912612915
-0.2675040662288666
0.39188098907470703
0.017500266432762146
-0.4106312692165375
0.2287534922361374
0.26187899708747864
-0.39750605821609497
-0.023437857627868652
0.40500617027282715
-0.23437857627868652
-0.2671915888786316
0.3925059735774994
0.01781277172267437
-0.4106312692165375
0.22844098508358002
0.262191504240036
-0.39781856536865234
-0.023437857627868652
0.40500617027282715
-0.23406606912612915
-0.26781657338142395
0.3921934962272644
0.01781277172267437
-0.41094377636909485
0.22844098508358002
0.2625040113925934
-0.39781856536865234
-0.02406286634504795
0.40500617027282715
-0.23406606912612915
-0.26781657338142395
0.3925059735774994
0.01781277172267437
-0.41094377636909485
0.2287534922361374
0.2625040113925934
-0.39781856536865234
-0.02406286634504795
0.4053186774253845
-0.23406606912612915
-0.2681290805339813
0.3921934962272644
0.018125277012586594
-0.4112562835216522
0.22844098508358002
0.2625040113925934
-0.3984435796737671
-0.023750362917780876
0.4056311845779419
-0.23437857627868652
-0.2681290805339813
0.3925059735774994
0.018125277012586594
-0.4112562835216522
0.22812847793102264
0.26281651854515076
-0.3981310725212097
-0.02406286634504795
0.4056311845779419
-0.23437857627868652
-0.2684415876865387
0.39313098788261414
0.018437780439853668
-0.4115687906742096
0.22844098508358002
0.26281651854515076
-0.3984435796737671
-0.02406286634504795
0.40594369173049927
-0.23406606912612915
-0.26875409483909607
0.39281848073005676
0.018437780439853668
-0.4118812680244446
0.22844098508358002
0.26312902569770813
-0.39875608682632446
-0.024375371634960175
0.40625619888305664
-0.23437857627868652
-0.26875409483909607
0.39313098788261414
0.018437780439853668
-0.4118812680244446
0.22844098508358002
0.2634415030479431
-0.3984435796737671
-0.024375371634960175
0.40594369173049927
-0.23406606912612915
-0.2693791091442108
0.39313098788261414
0.018750285729765892
-0.41219377517700195
0.22844098508358002
0.2634415030479431
-0.39875608682632446
-0.024375371634960175
0.406568706035614
-0.23406606912612915
-0.2693791091442108
0.3934434950351715
0.019062791019678116
-0.4125062823295593
0.22844098508358002
0.2637540102005005
-0.39875608682632446
-0.0246878769248724
0.406568706035614
-0.23406606912612915
-0.2693791091442108
0.3934434950351715
0.019062791019678116
-0.4125062823295593
0.2287534922361374
0.2637540102005005
-0.39906859397888184
-0.0246878769248724
0.4068812131881714
-0.23406606912612915
-0.2696916162967682
0.3934434950351715
0.019062791019678116
-0.4128187894821167
0.2287534922361374
0.26406651735305786
-0.39906859397888184
-0.025000382214784622
0.40719372034072876
-0.23406606912612915
-0.2696916162967682
0.3937560021877289
0.019062791019678116
-0.4128187894821167
0.22844098508358002
0.26437902450561523
-0.3993811011314392
-0.025000382214784622
0.40719372034072876
-0.23406606912612915
-0.27000412344932556
0.3937560021877289
0.019062791019678116
-0.4131312966346741
0.22844098508358002
0.2646915316581726
-0.39906859397888184
-0.025312885642051697
0.40750622749328613
-0.23406606912612915
-0.27000412344932556
0.3937560021877289
0.01937529630959034
-0.4131312966346741
0.22844098508358002
0.2646915316581726
-0.3993811011314392
-0.025312885642051697
0.40750622749328613
-0.23437857627868652
-0.27031663060188293
0.3937560021877289
0.019687799736857414
-0.4137563109397888
0.2287534922361374
0.26500403881073
-0.3996936082839966
-0.02562539093196392
0.40750622749328613
-0.23437857627868652
-0.2706291377544403
0.3937560021877289
0.01937529630959034
-0.4140688180923462
0.22844098508358002
0.26500403881073
-0.40000611543655396
-0.025312885642051697
0.4078187048435211
-0.23437857627868652
-0.2706291377544403
0.39406850934028625
0.020000305026769638
-0.4140688180923462
0.2287534922361374
0.2656290531158447
-0.40000611543655396
-0.02562539093196392
0.4081312119960785
-0.23406606912612915
-0.2706291377544403
0.39438101649284363
0.019687799736857414
-0.4140688180923462
0.22844098508358002
0.26531654596328735
-0.40000611543655396
-0.02562539093196392
0.40844371914863586
-0.23437857627868652
-0.27125412225723267
0.39438101649284363
0.020000305026769638
-0.4140688180923462
0.22844098508358002
0.2656290531158447
-0.40000611543655396
-0.02562539093196392
0.40844371914863586
-0.23406606912612915
-0.27125412225723267
0.39438101649284363
0.020000305026769638
-0.41469383239746094
0.2287534922361374
0.2656290531158447
-0.40031859278678894
-0.025937896221876144
0.40875622630119324
-0.23406606912612915
-0.27156662940979004
0.39438101649284363
0.020312810316681862
-0.41469383239746094
0.22812847793102264
0.2662540674209595
-0.40031859278678894
-0.025937896221876144
0.40875622630119324
-0.23406606912612915
-0.27156662940979004
0.394693523645401
0.020312810316681862
-0.4150063395500183
0.22844098508358002
0.2662540674209595
-0.40031859278678894
-0.025937896221876144
0.4090687334537506
-0.23437857627868652
-0.2718791365623474
0.3950060307979584
0.020312810316681862
-0.4150063395500183
0.22844098508358002
0.26656657457351685
-0.40031859278678894
-0.02625039964914322
0.4090687334537506
-0.23437857627868652
-0.2718791365623474
0.3950060307979584
0.020625313743948936
-0.4153188467025757
0.22844098508358002
0.26656657457351685
-0.4006310999393463
-0.02625039964914322
0.409381240606308
-0.23437857627868652
-0.2718791365623474
0.3950060307979584
0.02093781903386116
-0.41563132405281067
0.2287534922361374
0.2668790817260742
-0.4009436070919037
-0.026562904939055443
0.40969374775886536
-0.23406606912612915
-0.27250415086746216
0.39531853795051575
0.02093781903386116
-0.41563132405281067
0.22844098508358002
0.2668790817260742
-0.4009436070919037
-0.026562904939055443
0.41000625491142273
-0.23406606912612915
-0.27250415086746216
0.39531853795051575
0.02093781903386116
-0.41594383120536804
0.2287534922361374
0.2671915888786316
-0.4009436070919037
-0.026875410228967667
0.41000625491142273
-0.23406606912612915
-0.27281665802001953
0.39531853795051575
0.02093781903386116
-0.41594383120536804
0.22844098508358002
0.2671915888786316
-0.40125611424446106
-0.026875410228967667
0.4103187620639801
-0.23406606912612915
-0.2731291651725769
0.3956310451030731
0.021250324323773384
-0.41594383120536804
0.22844098508358002
0.2675040662288666
-0.40125611424446106
-0.02718791551887989
0.4103187620639801
-0.23375356197357178
-0.2731291651725769
0.3956310451030731
0.021250324323773384
-0.4162563383579254
0.22844098508358002
0.26781657338142395
-0.40125611424446106
-0.02718791551887989
0.4106312692165375
-0.23437857627868652
-0.2734416723251343
0.3959435522556305
0.021250324323773384
-0.4165688455104828
0.22844098508358002
0.26781657338142395
-0.40125611424446106
-0.02718791551887989
0.41094377636909485
-0.23406606912612915
-0.27375417947769165
0.3956310451030731
0.021250324323773384
-0.4165688455104828
0.22844098508358002
0.2681290805339813
-0.40156862139701843
-0.027500418946146965
0.4112562835216522
