0.0
1.4599099691796351
1.5225079075875527
1.567918065120572
1.6054286786039345
1.6376580681231057
1.6607345475867372
1.6875244938772858
1.707136036127287
1.7267475783772883
1.7484419614073161
1.7647685647546896
1.7810951681020626
1.7980015602921975
1.8135137773215084
1.8290259943508194
1.8461328553880143
1.85996896388935
1.8738050723906854
1.8887011753526084
1.901867794904542
1.9150344144564753
1.9282010340084088
1.9423525415690643
1.9548155961758071
1.96727865078255
1.9797417053892927
1.9925060743151912
2.004758694994469
2.017011315673747
2.029263936353025
2.041621717482398
2.05380574649277
2.065989775503142
2.0781738045135136
2.09142821762533
2.1029664612453294
2.114504704865329
2.1260429484853285
2.1372482617068376
2.1489519215305433
2.1606555813542494
2.1723592411779555
2.1840629010016617
2.195487567529307
2.2074047994230876
2.219322031316868
2.231239263210648
2.2431895492406664
2.255085077939325
2.2669806066379836
2.2788761353366422
2.2903860334887702
2.302502251673965
2.314618469859159
2.3267346880443536
2.338372616504863
2.350741253349117
2.363109890193371
2.3754785270376253
2.387892909597856
2.4002381784607754
2.4125834473236947
2.424928716186614
2.4361875916171134
2.449068528180481
2.461949464743849
2.4748304013072167
2.4874136560289153
2.500448886079229
2.513484116129542
2.526519346179856
2.538737631586559
2.552230698824223
2.565723766061888
2.579216833299552
2.592367822967722
2.606087644272038
2.619807465576354
2.6335272868806703
2.647007243820033
2.66093185689756
2.6748564699750874
2.686279124423105
2.701609278655368
2.716939432887631
2.732269587119894
2.74889590420067
2.7630009556190718
2.7771060070374736
2.788443544135747
2.804256256909612
2.820068969683476
2.8358816824573405
2.8518454682202408
2.8674689964274354
2.88309252463463
2.8961100491802463
2.914301241874506
2.932492434568765
2.953073065421108
2.968190339198989
2.98330761297687
2.9946986679072953
3.013199041523956
3.0316994151406162
3.0510108548913104
3.068519281602048
3.086027708312786
3.1023673889035837
3.1215751448868163
3.1419085820334156
3.1602530625347183
3.178597543036021
3.1956201093102052
3.2152316684095372
3.2348432275088688
3.253148343408715
3.274917153061888
3.297012156940017
3.3184240847932145
3.339836012646412
3.361211060357423
3.382764349181002
3.4036526165739405
3.4263285272407615
3.4481379062586326
3.4718856656660466
3.495870330858824
3.519361834016025
3.5412257966220224
3.5662475002935583
3.591269203965094
3.6162266529733964
3.642141783304602
3.668062452958464
3.691238282320338
3.7189105552338875
3.74580171879901
3.774444958403892
3.8021989549667436
3.8324333957319308
3.863046995638235
3.8915650355817317
3.920145206149147
3.952737381549637
3.984134693951759
4.015252319201443
4.0485716317483895
4.081891373244979
4.114494296691212
4.153450934837962
4.188751547113373
4.224168048382678
4.260362800344445
4.298643854966717
4.337286548358797
4.376414414135271
4.4198156142712985
4.458482408399142
4.507431050812491
4.544076813717638
4.594312587265371
4.641815324326005
4.687548759325751
4.7363915048876555
4.7822416765331415
4.835867864904822
4.891233551753267
4.948558644901782
4.986824855507074
5.063633501184711
5.1195180831484235
5.185036236150102
5.246643371019171
5.315098101313022
5.383542177802659
5.450861459844612
5.535199341510136
5.607332430094201
5.685714785419234
5.778708917896628
5.865014624469679
5.960157889322545
6.059478862074465
6.164370393290554
6.283710480043376
6.411009491241331
6.527573358689227
6.671413909480292
6.826884530999044
7.001305264093717
7.1751487021161875
7.4035583316915305
7.641646747578648
7.892096075453885
8.21480891461284
8.618477768099863
9.14598018744632
nan
0.0
1.854440310220285
3.70888062044057
5.563320930616223
7.417761240836508
9.272201551056957
9.503311442578466
9.50994081435985
9.516570186141394
2.6833835733930735
4.537823883613326
6.392264193788946
8.246704504009198
9.598392863599225
9.599877853089756
9.601362842580253
9.602847832070784
9.604332821561316
9.605817811051848
9.607302800542342
9.608787790032874
9.610272779523406
9.611757769013938
9.613242758504434
9.614727747994966
9.616212737485498
9.617697726976028
9.619182716466524
9.620667705957056
9.622152695447587
9.620153049334952
9.621848360235523
9.623543671136135
9.625238982036747
9.626934292937358
9.628629603837929
9.630324914738539
9.63202022563915
9.633715536539762
9.635410847440333
9.637106158340945
9.638801469241557
9.640496780142168
9.642192091042737
9.64388740194335
9.64558271284396
9.647278023744573
9.648973334645143
9.650668645545755
9.652363956446367
9.654059267346977
9.655754578247548
9.65744988914816
9.659145200048771
9.660840510949383
9.662535821849954
9.664231132750565
9.665926443651175
9.667621754551787
9.669317065452358
9.67101237635297
9.672707687253581
9.670384003116762
9.672362153272362
9.674340303428009
9.676318453583656
9.678296603739303
9.68027475389495
9.682252904050552
9.6842310542062
9.686209204361846
9.688187354517494
9.690165504673093
9.69214365482874
9.694121804984388
9.696099955140035
9.698078105295636
9.700056255451283
9.70203440560693
9.704012555762578
9.705990705918177
9.707968856073824
9.709947006229472
9.711925156385119
9.713903306540718
9.715881456696366
9.717859606852015
9.719837757007662
9.721815907163261
9.727361402086958
9.72905671298757
9.730752023888181
9.73244733478875
9.734142645689362
9.735837956589974
9.737533267490585
9.739228578391156
9.740923889291768
9.74261920019238
9.74431451109299
9.74600982199356
9.747705132894172
9.749400443794784
9.751095754695395
9.752791065595966
9.754486376496578
9.756181687397188
9.7578769982978
9.75957230919837
9.761267620098982
9.762962930999594
9.764658241900205
9.766353552800776
9.768048863701386
9.769744174601998
9.77143948550261
9.77313479640318
9.62998824863361
9.641845087676302
9.653701926718993
9.665558765761398
9.67741560480409
9.68927244384678
9.701129282889474
9.712986121931879
9.72484296097457
9.736699800017261
9.748556639059952
9.76041347810236
9.77227031714505
9.784127156187742
9.795983995230433
9.807840834272838
9.81969767331553
9.84788405186809
9.848796972808467
9.849709893748843
9.850622814689197
9.851535735629573
9.85244865656995
9.853361577510325
9.85427449845068
9.855187419391056
9.856100340331432
9.857013261271808
9.857926182212163
9.858839103152539
9.859752024092915
9.86066494503329
9.861577865973645
9.862490786914021
9.863403707854397
9.864316628794773
9.865229549735128
9.866142470675504
9.86705539161588
9.867968312556256
9.86888123349661
9.869794154436986
9.870707075377362
9.87161999631774
9.872532917258093
9.873445838198469
9.874358759138847
9.583895226443397
9.595788324932416
9.607681423421722
9.619574521911026
9.63146762040033
9.643360718889351
9.655253817378656
9.66714691586796
9.679040014357266
9.690933112846285
9.702826211335589
9.714719309824895
9.7266124083142
9.738505506803218
9.750398605292524
9.762291703781829
9.774184802271135
9.786077900760153
9.797970999249458
9.809864097738762
9.821757196228068
9.833650294717087
9.845543393206391
9.857436491695697
9.869329590185002
9.88122268867402
9.893115787163326
9.90500888565263
9.916901984141937
9.928858965744247
9.940715804786938
9.95257264382963
9.964429482872319
9.976286321914726
9.988143160957417
10.000000000000107
nan
1.455544339799157
1.5223889591309778
1.568946332666959
1.6059351243809392
1.6397767437006687
1.6632600893875606
1.6905599242838698
1.709931944201781
1.7293039641196928
1.749797236964405
1.7670224922559012
1.7866150499928923
1.8021958885410123
1.8177767270891318
1.8333575656372516
1.8497579462824474
1.8641060124167592
1.8784540785510713
1.8936743109706586
1.907275082053197
1.9208758531357357
1.9344766242182745
1.9492231119992343
1.9614944885474117
1.973765865095589
1.986349109726213
1.9984611122211242
2.0105731147160353
2.022685117210947
2.0347971197058583
2.0467329004129238
2.059004276961101
2.0712756535092782
2.0835470300574555
2.0959283757640765
2.108108165490216
2.120287955216355
2.132467744942495
2.1454223468551428
2.1570180337113407
2.1686137205675386
2.180209407423737
2.19083540152983
2.2030151999241623
2.215194998318494
2.2273747967128257
2.240337059196068
2.252078723983721
2.2638203887713737
2.275562053559027
2.286304461795949
2.298529877771186
2.3107552937464226
2.3229807097216595
2.3352061256968963
2.3469300077716073
2.359581885860839
2.3722337639500712
2.384885642039303
2.3980007115085726
2.4102490690379836
2.4224974265673946
2.434745784096806
2.4464895113253666
2.4591413894145986
2.4717932675038305
2.4844451455930625
2.496243084039649
2.5095935323269263
2.522943980614204
2.5362944289014826
2.5494258452988454
2.5629983401369927
2.57657083497514
2.5901432934560003
2.603715809821901
2.617288326187801
2.6308608425537017
2.6442350574198494
2.6579501050797436
2.6716651527396373
2.685380200399531
2.6990034375156333
2.712805490050598
2.7266075425855627
2.7364790759402946
2.752598530871221
2.768717985802148
2.784837440733074
2.801603367048733
2.8169281598955376
2.8322529527423423
2.847216325829849
2.862871907522905
2.878527489215962
2.8920197680879407
2.9093363653370097
2.9266529625860787
2.9456011491663183
2.961562955219435
2.9775247612725515
2.991839066208727
3.009018961347735
3.026198856486743
3.041899009236299
3.0602371855988095
3.07857536196132
3.0967014820392302
3.115248008829788
3.133794535620345
3.152225184899833
3.17093104680961
3.1896369087193865
3.20758841403655
3.2281179464673877
3.249342119021261
3.269065244967721
3.288788370914181
3.3080199288705674
3.3289442387632864
3.349535907643935
3.3708704756184527
3.389699156769609
3.4131824863449145
3.4366658159202204
3.460470244859973
3.482904469403206
3.503982842613859
3.5289002790917756
3.5540803018136016
3.5785310988311214
3.6016921193188627
3.628230214637175
3.6556456566656697
3.680468403357595
3.704371942760124
3.7309100380784366
3.7563288865653828
3.785473374520763
3.8146574951452226
3.843544016779327
3.872634204741872
3.9044970205011515
3.9332563605875515
3.9604901975723084
3.994850125819287
4.02858483532332
4.059866918326429
4.094226846573407
4.128187568560037
4.159197506718667
4.198468963297884
4.234339233889143
4.270128524653006
4.30860710326597
4.343650489422637
4.38660039973136
4.4289228079005225
4.46752107677147
4.514767552896618
4.553793375899437
4.6018314930960615
4.646546369828992
4.693938356604857
4.74375702812324
4.793093155360978
4.8577595476274835
4.898753370696198
4.946698032850106
5.00918760577692
5.066950387248251
5.129193128023236
5.192906153263522
5.260877834631684
5.317237245982103
5.387040024907173
5.459541342220655
5.538370658735923
5.616173256226646
5.6977249176734315
5.781434552399101
5.866796187573333
5.9762231408754145
6.065806379191802
6.1717023841646625
6.290412362515656
6.4036380652100355
6.539014026242557
6.6760295618877725
6.8314366037151135
6.999671643221798
7.198850716137602
7.392197516035728
7.628617442228268
7.8978455951115585
8.211701065446146
8.629736377038281
-inf
10.0
0.0
2.761973367663618
5.523946735371868
8.285920103035632
9.449003175189503
9.452052167117403
9.45510115904535
9.45815015097325
9.46119914290115
9.464248134829097
9.467297126756996
9.470346118684896
9.427611030718408
9.436454203196035
9.445297375673519
9.454140548151004
9.462983720628632
9.471826893106115
9.4806700655836
9.489513238061084
9.498356410538712
9.507199583016195
9.51604275549368
9.541213601313883
9.54373856991582
9.546263538517717
9.548788507119614
9.551313475721553
9.55383844432345
9.556363412925347
9.558888381527243
9.561413350129182
9.56393831873108
9.566463287332976
9.568988255934913
9.571513224536812
9.570042172707339
9.572988397515454
9.575934622323615
9.57888084713173
9.581827071939843
9.584773296748006
9.587719521556119
9.590665746364234
9.593611971172347
9.596558195980508
9.599504420788623
9.602450645596736
9.605396870404899
9.608343095213012
9.611289320021127
9.61423554482924
9.617181769637403
9.620127994445516
9.623074219253631
9.631573515061104
9.633783464688287
9.635993414315433
9.63820336394258
9.640413313569763
9.64262326319691
9.644833212824057
9.647043162451203
9.649253112078386
9.651463061705533
9.65367301133268
9.655882960959863
9.65809291058701
9.660302860214156
9.662512809841303
9.664722759468486
9.666932709095633
9.66914265872278
9.671352608349963
9.686029887590863
9.68713465165204
9.688239415713218
9.689344179774412
9.69044894383559
9.691553707896768
9.692658471957962
9.693763236019139
9.694868000080316
9.695972764141494
9.697077528202689
9.698182292263866
9.699287056325042
9.700391820386221
9.701496584447415
9.702601348508592
9.70370611256977
9.704810876630965
9.705915640692142
9.707020404753319
9.708125168814497
9.709229932875692
9.710334696936869
9.711439460998045
9.712544225059242
9.713648989120419
9.714753753181595
9.715858517242774
9.716963281303968
9.718068045365145
9.719172809426322
9.720277573487518
9.721382337548695
9.722487101609872
9.72359186567105
-50.37035441026943
-47.60838104260586
-44.84640767494229
-42.08443430723409
-39.32246093957052
-36.560487571906954
-33.79851420424338
-31.03654083653518
-28.274567468871613
-25.512594101208045
-22.750620733544473
-19.98864736583627
-17.226673998172704
-14.464700630509135
-11.702727262800934
-8.940753895137364
-6.178780527473796
-3.4168071598102263
-0.6548337921020252
2.107139575561544
4.869112943225113
7.6310863109333145
9.850118938906125
9.854551333094857
9.858983727283592
9.863416121472397
9.86784851566113
9.872280909849865
9.888137510083544
9.890347459710691
9.892557409337838
9.894767358964986
9.896977308592168
9.899187258219316
9.901397207846461
9.903607157473644
9.905817107100791
9.908027056727938
9.910237006355086
9.912446955982269
9.914656905609416
9.916866855236563
9.919076804863709
9.921286754490891
9.923496704118039
9.933726796650125
9.935199534502361
9.936672272354574
9.938145010206787
9.939617748059
9.941090485911236
9.942563223763448
9.944035961615661
9.945508699467897
9.94698143732011
9.948454175172323
9.949926913024536
9.951399650876771
9.952872388728984
9.954345126581197
9.955817864433433
9.957290602285646
9.958763340137859
9.960236077990071
9.961708815842307
9.96318155369452
9.964654291546733
9.966127029398969
9.967599767251182
9.969072505103394
9.970545242955605
9.972017980807843
9.973490718660056
9.974963456512267
9.97643619436448
9.977908932216717
9.979381670068928
9.980854407921141
9.982327145773379
9.98379988362559
9.985272621477803
9.986745359330016
9.988218097182251
9.989690835034464
9.991163572886677
9.992636310738913
9.994109048591126
9.995581786443339
9.997054524295551
9.998527262147787
10.0
0.0
1.4601817865827214
1.5266415567191185
1.5728958509095805
1.6094556629727514
1.6420445087614413
1.6664333053173062
1.6938395404963364
1.7140754501220998
1.7374213117290644
1.755086714902638
1.7727521180762114
1.7921524588161812
1.8081725507832815
1.8241926427503818
1.8423331440790798
1.8565732317449102
1.8708133194107408
1.8859777284994927
1.8996804502841198
1.9133831720687466
1.9270858938533737
1.941735354511087
1.9547556649060878
1.9677759753010886
1.9807962856960897
1.9941646768094
2.006905806764211
2.0196469367190226
2.032388066673834
2.0456710637097775
2.0579571542879034
2.070243244866029
2.0825293354441543
2.0950772376496487
2.107158932706131
2.1192406277626135
2.1313223228190963
2.1434040056066763
2.1554857091820736
2.1675674127574704
2.1796491163328677
2.1918020106442073
2.203839205574813
2.2158764005054183
2.227913595436024
2.239468155392681
2.251777388222089
2.2640866210514963
2.276395853880904
2.289454392339532
2.3013600239949583
2.3132656556503846
2.325171287305811
2.3354951923767757
2.348162240737442
2.3608292890981084
2.3734963374587745
2.386163385819441
2.3986484745739576
2.4114897416984062
2.424331008822855
2.437172275947303
2.450433601209509
2.462836254551263
2.475238907893017
2.485759768264029
2.4990989405693775
2.5124381128747255
2.5257772851800735
2.539355801855957
2.552560249376286
2.5657646968966152
2.578969144416944
2.5908257447202176
2.6048820878874186
2.618938431054619
2.6329947742218196
2.647657300721527
2.6611897903949213
2.6747222800683157
2.6882547697417096
2.700635950180738
2.715490962226947
2.730345974273156
2.744679012724431
2.7599504969255046
2.7752219811265784
2.791343049643882
2.806064231602941
2.820785413562
2.8355065955210597
2.8483988279877672
2.865030370523113
2.8816619130584584
2.8991564805138967
2.9149063303595644
2.9306561802052324
2.9452253277899065
2.9619848307953562
2.978744333800806
2.9943338096690324
3.0120952304205786
3.0298566511721248
3.048040869870721
3.065378230636379
3.082715591402037
3.0987591166323623
3.11754135881967
3.136323601006978
3.1548857938595627
3.174053460209313
3.192741891430281
3.2123113998712767
3.2318809083122724
3.251713078753976
3.270937174735481
3.2901612707169865
3.3085064464891745
3.33007807065096
3.352134843600477
3.3730172475822005
3.392894912216322
3.4146822405508246
3.4364695688853275
3.4574673440465093
3.4811492383819043
3.5051466998194165
3.5282427714815445
3.5502180318350125
3.5748829389372965
3.599335538074081
3.6242828518770995
3.6486282228022064
3.6743612846724902
3.699492760796196
3.7260626766953338
3.7503809902480754
3.7806411513894633
3.812261696445335
3.8374981074926717
3.860868753565737
3.8932261083353477
3.925274357584836
3.955276496723343
3.9874745455144955
4.019694589401967
4.047815578225138
4.082036422565706
4.116042342248129
4.152846234216133
4.187067078556701
4.221295896502059
4.256692140369778
4.293207287382206
4.330518947734343
4.3705951766277735
4.411102584746781
4.454536185871121
4.493911027642728
4.53426887392671
4.577389341402375
4.621427253463716
4.668413408387759
4.724104096746003
4.7633617383968625
4.8136562035032044
4.8601471593553
4.913119232691547
4.972698103058663
5.028363805400953
5.087635570622181
5.145192098795774
5.2100936958132404
5.270871360454511
5.343195854977868
5.411108052545366
5.479452156778172
5.559458429204708
5.6292079202109715
5.713413789117159
5.798049995981537
5.89234108809539
5.982894252338605
6.08861080540975
6.186589834767652
6.301758995788787
6.426820655380425
6.561872334166814
6.6933430936265195
6.8476811222306715
7.017138085888841
7.202430621358114
7.4081968208626785
7.639397817252684
7.905018918307222
8.235355963292447
8.642943559449947
9.162085389797578
9.999999999999995
0.0
1.6574606215401713
3.3149212431249744
4.972381864665146
6.629842486249949
8.287303107790267
9.548651114650246
9.552460199832264
9.556269285014183
9.560078370196202
9.56388745537812
9.567696540560037
9.571505625742057
-inf
-inf
-inf
-inf
-inf
-inf
inf
inf
inf
inf
inf
inf
inf
inf
inf
inf
-inf
-inf
-inf
-inf
-inf
-inf
-inf
-inf
-inf
inf
inf
inf
inf
inf
inf
inf
inf
inf
inf
inf
inf
inf
inf
inf
inf
inf
inf
inf
inf
inf
inf
inf
inf
inf
inf
inf
inf
inf
inf
inf
inf
inf
inf
inf
inf
inf
inf
inf
inf
inf
inf
inf
-60.10009102677711
-58.44263040523691
-56.78516978369671
-55.12770916211188
-53.470248540571674
-51.81278791898684
-50.15532729744664
-48.497866675906444
-46.84040605432161
-45.18294543278141
-43.52548481119658
-41.868024189656374
-40.21056356811617
-38.55310294653134
-36.895642324991144
-35.23818170340631
-33.58072108186611
-31.923260460325906
-30.265799838741074
-28.608339217200875
-26.950878595616043
-25.29341797407584
-23.63595735253564
-21.97849673095081
-20.321036109410606
-18.663575487825774
-17.006114866285575
-15.348654244745374
-13.691193623160542
-12.033733001620341
-10.376272380035509
-8.718811758495308
-7.061351136955107
-5.403890515370275
-3.746429893830074
-2.0889692722452415
-0.43150865070504085
1.2259519708351596
2.8834125924199925
4.540873213960193
6.198333835545026
7.855794457085226
9.513255078625427
9.850015422681972
9.85098018554251
9.851944948403071
9.852909711263607
9.853874474124142
9.854839236984706
9.855803999845241
9.856768762705803
9.857733525566339
9.858698288426876
9.859663051287438
9.860627814147973
9.861592577008535
9.862557339869072
9.863522102729608
9.86448686559017
9.865451628450707
9.866416391311269
9.867381154171804
9.868345917032341
9.869310679892903
9.870275442753439
9.871240205614
9.872204968474538
9.873169731335073
9.874134494195635
9.845831764771782
9.847953832450637
9.850075900129434
9.852197967808289
9.854320035487087
9.856442103165884
9.858564170844739
9.860686238523536
9.86280830620239
9.864930373881188
9.867052441559986
9.86917450923884
9.871296576917638
9.873418644596493
9.87554071227529
9.877662779954086
9.87978484763294
9.881906915311738
9.884028982990593
9.88615105066939
9.888273118348188
9.890395186027042
9.89251725370584
9.894639321384695
9.896761389063492
9.89888345674229
9.901005524421144
9.903127592099942
9.905249659778796
9.907371727457594
9.90949379513639
9.911615862815244
9.913737930494042
9.915859998172897
9.917982065851694
9.920104133530492
9.922226201209346
9.924348268888144
-8.232066837120268
-6.5746062155801255
-4.917145594039983
-3.2596849724552093
-1.6022243509150675
0.055236270669706294
1.7126968922098482
3.37015751374999
5.027618135334764
6.685078756874906
8.34253937845968
9.999999999999822
0.0
1.4601804663038482
1.5258383465176966
1.5721314271239368
1.609505482936661
1.6428455631101537
1.6661159445763927
1.6918772565722189
1.7121217594090388
1.732366262245859
1.753538243702793
1.7707460779729325
1.789401361249534
1.8054282609060006
1.8214551605624671
1.8395180699982336
1.8540491278605176
1.868580185722802
1.8831112435850859
1.8983863921622615
1.912009257825521
1.9256321234887805
1.940310602872888
1.9532334841204784
1.9661563653680685
1.9790792466156588
1.99245420380704
2.0050533880358725
2.0176525722647045
2.0302517564935365
2.0433728307399246
2.055595214114781
2.067817597489637
2.0800399808644934
2.09304763446773
2.104745268574957
2.116442902682184
2.128140536789411
2.1381349513784897
2.1507828755757505
2.163430799773012
2.176078723970273
2.190367286845447
2.2020858806138923
2.2138044743823375
2.225523068150783
2.23680253563688
2.248734965688537
2.260667395740194
2.272599825791851
2.2845322558435086
2.2958929506811736
2.308277387879845
2.3206618250785165
2.333046262277188
2.3452741354523536
2.3577769580695676
2.3702797806867815
2.382782603303995
2.395630995989157
2.407876254772938
2.420121513556719
2.4323667723405005
2.44355846650016
2.4565326245201877
2.4695067825402153
2.482480940560243
2.495352636734284
2.5084044998214563
2.5214563629086295
2.534508225995802
2.5463791515181278
2.5604414678856138
2.5745037842531
2.5899105712673767
2.6032011746194286
2.61649177797148
2.629782381323532
2.642170422241849
2.6560535881989087
2.6699367541559687
2.6838199201130286
2.6972527665012174
2.7115300048562996
2.7258072432113813
2.7379985129182027
2.7535305377090036
2.7690625624998044
2.7845945872906053
2.800698353509677
2.815593511703475
2.830488669897274
2.844667499954378
2.860126072705922
2.875584645457467
2.8891175023021574
2.905841237279366
2.922564972256575
2.939288707233784
2.9561237226401187
2.9726362578524177
2.9891487930647163
3.005026928681584
3.0226522205934803
3.041739817106314
3.0583361888495144
3.074932560592715
3.0874613200844867
3.1068647825767544
3.1262682450690225
3.1460818357460685
3.1650905106277136
3.1840991855093588
3.203070060937463
3.2221341233864926
3.2411981858355223
3.259637738095832
3.2806633917414127
3.3018313356633944
3.322656118331031
3.3436287357658574
3.3643216899179804
3.385014644070104
3.4050607163103455
3.426930160093859
3.447820487536447
3.4708450609470165
3.493869634357586
3.5168942077681558
3.539918781178725
3.562819621574537
3.586426096981987
3.608712185208905
3.636186885012994
3.663973611735172
3.6896165552849705
3.7149911051117033
3.742698688022358
3.770406270933013
3.7971855649642974
3.8261190130248606
3.855541066532095
3.8834855142618365
3.9100890239165507
3.942621087425564
3.9748078234651714
4.003779584180944
4.0371415821571865
4.07049834558379
4.101684970212676
4.135742147903724
4.169776884130262
4.203123772281646
4.240921324968142
4.278278756467324
4.312476778202281
4.355188243576848
4.394343713585548
4.433567856019585
4.473055547520543
4.518886820216046
4.563434043959078
4.607720169210144
4.648425543208965
4.69982383352715
4.747904172870839
4.794902316360037
4.845199028066056
4.8983514959811725
4.964413238943155
5.0045209396215995
5.067471087325403
5.129173683401177
5.186389738413143
5.254712248439323
5.3130259133622815
5.389093658310205
5.462275328551527
5.535933325524914
5.617436656811961
5.6849872956418945
5.780091110554295
5.86797616197717
5.958231023617693
6.068998707107318
6.162679764884927
6.283294030914189
6.399400057810997
6.519044897285502
6.6408526772412655
6.817657238974812
6.984918195259858
7.180598972009199
7.372270083724538
7.622704398720558
7.857614189383669
8.189956815297476
-16.936504807115607
9.11466797605487
nan
0.0
1.7758240281484483
3.5516480562968966
5.327472084445344
7.103296112593793
8.879120140742398
9.551711002853775
9.558082107957818
9.564453213061862
9.570824318165904
9.579460596400404
9.585137689255282
9.59081478211016
9.596491874965038
9.602168967819917
9.607846060674795
9.613523153529673
9.619200246384551
9.640445327792746
9.642339617168535
9.644233906544322
9.646128195920111
9.648022485295899
9.649916774671688
9.651811064047477
9.653705353423264
9.655599642799054
9.657493932174841
9.659388221550678
9.661282510926466
9.663176800302255
9.665071089678044
9.666965379053831
9.66885966842962
9.670753957805408
9.672648247181197
9.687439515355335
9.68831373434895
9.689187953342566
9.69006217233618
9.690936391329796
9.691810610323412
9.692684829317026
9.693559048310641
9.694433267304255
9.695307486297871
9.696181705291508
9.697055924285124
9.697930143278738
9.698804362272353
9.69967858126597
9.700552800259583
9.701427019253199
9.702301238246815
9.703175457240429
9.704049676234044
9.704923895227658
9.705798114221274
9.70667233321489
9.707546552208504
9.70842077120212
9.709294990195735
9.710169209189349
9.711043428182965
9.711917647176602
9.712791866170216
9.713666085163831
9.714540304157447
9.715414523151061
9.716288742144677
9.717162961138293
9.718037180131907
9.718911399125522
9.719785618119136
9.720659837112752
9.721534056106368
9.722408275099982
9.723282494093597
-40.19548704762697
-38.419663019478556
-36.643838991330135
-34.86801496318172
-33.09219093498867
-31.316366906840255
-29.540542878691838
-27.76471885054342
-25.988894822395004
-24.213070794246587
-22.43724676609817
-20.661422737949753
-18.885598709801336
-17.10977468165292
-15.333950653504504
-13.558126625356087
-11.78230259720767
-10.006478569059253
-8.230654540910837
-6.4548305127624195
-4.679006484614003
-2.9031824564655864
-1.1273584282725375
0.6484655998758794
2.424289628024296
4.200113656172713
5.97593768432113
7.751761712469547
9.527585740617964
9.803827219830826
9.809531242909006
9.815235265987187
9.820939289065368
9.840242259101954
9.842514481745518
9.844786704389081
9.847058927032645
9.849331149676207
9.85160337231977
9.853875594963334
9.856147817606955
9.858420040250516
9.86069226289408
9.862964485537644
9.865236708181207
9.86750893082477
9.869781153468333
9.872053376111896
9.87432559875546
9.891315112761681
9.89212701006118
9.89293890736068
9.893750804660177
9.894562701959677
9.895374599259176
9.896186496558673
9.896998393858173
9.89781029115767
9.89862218845719
9.899434085756688
9.900245983056188
9.901057880355687
9.901869777655184
9.902681674954684
9.903493572254181
9.90430546955368
9.90511736685318
9.905929264152677
9.906741161452176
9.907553058751676
9.908364956051173
9.909176853350672
9.909988750650172
9.910800647949669
9.911612545249168
9.912424442548668
9.913236339848186
9.914048237147684
9.914860134447183
9.915672031746682
9.91648392904618
9.91729582634568
9.918107723645177
9.918919620944676
9.919731518244175
9.920543415543673
9.921355312843172
9.922167210142671
9.922979107442169
9.923791004741668
9.924602902041167
-43.274720844541946
-41.49889681639353
-39.72307278824511
-37.94724876005206
-36.17142473190365
-34.39560070375523
-32.619776675606815
-30.843952647458398
-29.06812861930998
-27.292304591161564
-25.516480563013147
-23.74065653486473
-21.964832506716313
-20.189008478567896
-18.41318445041948
-16.637360422271062
-14.861536394122645
-13.08571236597423
-11.309888337825813
-9.534064309677396
-7.758240281528979
-5.98241625333593
-4.206592225187513
-2.4307681970390957
-0.6549441688906792
1.1208798592577376
2.8967038874061544
4.672527915554571
6.448351943702988
8.224175971851405
9.999999999999822
0.0
1.4590627707810555
1.5253771771915747
1.570987362042558
1.6081084491148308
1.6412389554938516
1.6654480324865302
1.6931375396136021
1.7128851230424138
1.7326327064712255
1.7531328261248216
1.7705633666079574
1.7902940546235584
1.8058200676703626
1.8213460807171669
1.8383637401131327
1.8528569793777059
1.8673502186422792
1.8818434579068524
1.897437620285791
1.9107230863341667
1.9240085523825419
1.9376982939571918
1.9507451021794628
1.9637919104017338
1.9768387186240048
1.9909888739133645
2.003321803914728
2.015654733916091
2.0279876639174543
2.040395725001097
2.052682281428341
2.064968837855585
2.0772553942828282
2.0898532095917957
2.101957750225841
2.1140622908598865
2.126166831493932
2.1384370546410394
2.150452590613309
2.162468126585579
2.1744836625578485
2.186408584995202
2.198468459081845
2.2105283331684884
2.2225882072551313
2.2346480813417746
2.2471771893022985
2.2588494296253807
2.2705216699484634
2.282193910271546
2.2930394512545167
2.3052571149681165
2.3174747786817163
2.329692442395316
2.341137325764076
2.353829465545074
2.3665216053260725
2.3792137451070707
2.392659326664107
2.404876990377707
2.4170946540913065
2.4293123178049068
2.4399859820571703
2.4531113760577847
2.466236770058399
2.4793621640590136
2.492921370582908
2.505763133815008
2.518604897047107
2.531446660279207
2.543291220921732
2.5568242334073688
2.5703572458930064
2.583890258378643
2.5973582182361827
2.6109475122004997
2.6245368061648167
2.6381261001291336
2.6517394493873456
2.665300565682531
2.6788616819777165
2.6902454416600095
2.7052029792887327
2.7201605169174568
2.73511805454618
2.750044040041445
2.7650359169658403
2.780027793890235
2.795405008789152
2.8100936451362015
2.8247822814832513
2.8345942511443534
2.852165366124013
2.869736481103672
2.887307596083332
2.90610754861418
2.9214513369437203
2.9367951252732603
2.9510034328786348
2.967720677383039
2.984437921887443
3.000325183820992
3.0180391820439394
3.0357531802668865
3.0537188874054295
3.071056917980168
3.0883949485549067
3.105122834702382
3.1235354004829916
3.1417444446595946
3.160313927100331
3.1788834095410676
3.1962711552165706
3.2160186931289356
3.2357662310413007
3.2551067973726506
3.2755972423784794
3.2961516989322366
3.3165781473260485
3.337004595719861
3.3568041881280517
3.378592358191036
3.400097381194346
3.4222548594664217
3.444489859109523
3.4665724092629
3.488654959416276
3.510021767375184
3.534411532201068
3.5584510294007825
3.5837860299582123
3.6093248185646902
3.6340842000373406
3.658697483063121
3.683837708797607
3.7088657607961193
3.734299284935105
3.7579019381668473
3.788446141007891
3.818995483669599
3.848046426339739
3.877097369009879
3.9057798478828216
3.935626662426901
3.965219824146593
3.996453928712267
4.028495470312578
4.059869057762891
4.094091224186595
4.128520667951605
4.164132576366565
4.191469053542972
4.23181749382039
4.272146432739554
4.311399319558164
4.352982758570137
4.389499005026199
4.426678852831215
4.469512764879153
4.5094647652963715
4.55361417474447
4.603407534165348
4.645578331198815
4.690383888651109
4.738882017796181
4.788066173674753
4.843695187875721
4.893844324254944
4.945946176454732
5.010015920779945
5.058887097450301
5.1200796698862
5.179972273554854
5.240547587168933
5.3115526223092875
5.379530922862141
5.448532859087154
5.526723826802296
5.606324371658841
5.678057562633872
5.7600639922261925
5.855185197441354
5.953826808608138
6.045116124823705
6.1584419412433045
6.265273010880965
6.3874805263973125
6.522585397116838
6.647454618669636
6.815122762773837
6.979895681083691
7.15626773961766
7.34735347322837
7.593213263530879
7.878891444203927
8.18494990895723
8.567206598932538
9.115201436733209
10.000000000000005
0.0
1.4575503011332793
1.5230039995268394
1.5682306008711848
1.6051205897671204
1.6386803505034493
1.661833010929321
1.6886043803487216
1.7082004507854545
1.7277965212221873
1.748884915964764
1.765916060326457
1.7829472046881503
1.8010091558370165
1.816104041545935
1.8311989272548534
1.8466745191120675
1.8613274405135756
1.8759803619150839
1.8925477020544015
1.9057175341078028
1.918887366161204
1.9320571982146055
1.9456841933644946
1.9584408511258309
1.9711975088871672
1.9839541666485037
1.9971655715744543
2.009487349035932
2.02180912649741
2.034130903958888
2.046659391644702
2.0587972519018107
2.07093511215892
2.083072972416029
2.0956555191077806
2.107441563041992
2.1192276069762026
2.1310136509104134
2.1422967702281577
2.1544120401422946
2.166527310056431
2.178642579970568
2.1914866814678993
2.203166921288267
2.2148471611086347
2.226527400929003
2.2383723087176115
2.249969282147238
2.261566255576865
2.2731632290064923
2.284760202436119
2.2951586850736105
2.307670020693751
2.3201813563138924
2.3326926919340334
2.345819032553143
2.357866982099136
2.3699149316451287
2.381962881191121
2.393316615230249
2.40582795085039
2.418339286470531
2.430850622090672
2.443215032265202
2.4558233743421334
2.468431716419064
2.4810400584959953
2.4924394662189573
2.505853683555276
2.5192679008915944
2.5326821182279127
2.546233086964478
2.559537575738448
2.572842064512418
2.5861465532863885
2.5990497871303857
2.6127464001972465
2.6264430132641072
2.6400416070720207
2.6537961454259253
2.6675506837798295
2.681305222133734
2.6941998568081535
2.708593444645612
2.7229870324830707
2.7373806203205295
2.751128467437367
2.766293712620885
2.781458957804403
2.7966647525354693
2.811794749605566
2.826924746675662
2.84091148046923
2.856818307621708
2.872725134774187
2.8886319619266656
2.9044396864013704
2.9205036191293607
2.9365675518573506
2.9519310805362795
2.9689178033410206
2.9859045261457613
3.002394640757356
3.0200737188759366
3.0377527969945173
3.0556936530337278
3.0729050095280033
3.0901163660222783
3.106642168430911
3.125283716079286
3.143009895780829
3.1624304777207457
3.181851059660663
3.20127164160058
3.220692223540497
3.240112805480414
3.259078753241649
3.279798086067954
3.3010131409598533
3.3210931514352104
3.3411731619105676
3.360467139913934
3.383375235786745
3.4063588857002367
3.429106753475514
3.4521206477813315
3.4744776415065988
3.4962479658226964
3.5192369632040887
3.5422259605854816
3.565068072116316
3.5893438271839653
3.6130560298579404
3.640391739665265
3.667796209529169
3.6920719645968183
3.7158824885464137
3.747496263648597
3.773943000390875
3.796757520929779
3.8283395939067337
3.8609779468122007
3.889020574334969
3.916770724163105
3.947730054350011
3.9794660990711286
4.010933867341053
4.04362672148291
4.076505141012205
4.109823645643081
4.144801531797412
4.179637756964332
4.213408898895737
4.251806202296134
4.2879502551955015
4.324422664192096
4.36525712250699
4.4057586722020465
4.451415567770969
4.492077498023278
4.534269215281783
4.580574728776696
4.624614413701978
4.671001036079722
4.719192834263692
4.7668658299741775
4.818871188524926
4.871210539538637
4.925948796493962
4.982951143731885
5.036438264799425
5.094882641529196
5.1537080944935685
5.225249470109344
5.293556182182032
5.3624384576817
5.427561254901887
5.503509172442662
5.580184731552013
5.664107180021027
5.743922938061454
5.834929104076301
5.923563278909075
6.025200607467822
6.127584757247434
6.245571038639434
6.356678498666666
6.492868145372507
6.620713429557232
6.7871118787596485
6.946884763500594
7.122691299179643
7.347420413356305
7.573469505232938
7.810427775906383
8.158364695683735
8.561764377901863
9.092879567736093
inf
0.0
1.4626983719633824
1.5282582616056857
1.5745687463079814
1.612285376969297
1.6461369484349337
1.671067180807617
1.6976174966037105
1.7193282718919813
1.7438580767501917
1.7621217338130004
1.7803853908758092
1.799807039468737
1.816036375861289
1.8322657122538413
1.8493107188954745
1.8643144969829972
1.8793182750705206
1.8951459477815833
1.9093378391353149
1.9235297304890469
1.9385051586304705
1.9521933728077536
1.9658815869850366
1.9795698011623197
1.994370965158618
2.007151956761919
2.01993294836522
2.032713939968521
2.045805742960399
2.0583184431128765
2.0708311432653534
2.0833438434178313
2.095800246541163
2.1083608792799278
2.1209215120186924
2.1334821447574575
2.146508333563601
2.15867281545393
2.170837297344259
2.183001779234588
2.1949572107251325
2.207281739651808
2.219606268578483
2.2319307975051585
2.2441586208397384
2.256553048098002
2.2689474753562657
2.281341902614529
2.2941316208981806
2.306251132065666
2.3183706432331515
2.3304901544006373
2.342174165593706
2.3545685839143076
2.3669630022349097
2.379357420555512
2.3912401494891005
2.4039468559640524
2.4166535624390044
2.429360268913957
2.4415438059282337
2.454578884737181
2.467613963546129
2.480649042355077
2.4943363240986574
2.506921079535402
2.5195058349721466
2.5320905904088904
2.5430849265796347
2.5567731244054928
2.5704613222313504
2.584149520057208
2.5974464020590147
2.6114863562571236
2.625526310455233
2.640161304044035
2.6538495018698924
2.66753769969575
2.681225897521608
2.6941857284397375
2.7084084050492514
2.7226310816587658
2.73685375826828
2.7507649506432315
2.7653352893051504
2.7799056279670697
2.7933720487110776
2.8087632581383906
2.824154467565703
2.8398331139135546
2.855045762872938
2.8702584118323218
2.885471060791706
2.90018287519267
2.9159440831219516
2.931705291051234
2.9460689420798114
2.9630991709259016
2.9801293997719918
2.997831431589908
3.0142230625845667
3.0306146935792255
3.045627405703909
3.0632527893493364
3.0808781729947636
3.097835784317742
3.1161504917279075
3.134465199138073
3.15208910374528
3.1713733581948853
3.190657612644491
3.210151123839422
3.228777996621024
3.2466790457480696
3.2660202406978276
3.2853614356475864
3.3044155471014403
3.324224116221092
3.3425662842411885
3.363648775076179
3.38473126591117
3.405554187882991
3.4271221753648606
3.4485044226422317
3.4702872514072447
3.492070080172258
3.513454660706156
3.5375600869486545
3.561798784471654
3.585383846916357
3.6084118645180894
3.633437246604946
3.6582704197939124
3.6837826995658527
3.7089575718217445
3.735395647289885
3.76202614346375
3.7877385596581257
3.8130731358012437
3.8405067280097547
3.86782576758689
3.898078049045517
3.9269619783721095
3.954995217538369
3.9856338194677083
4.01616200219074
4.045795395347008
4.079944637441467
4.114817121927138
4.145171976984978
4.1765243413978865
4.213571011578582
4.249637523862069
4.285078727401938
4.320380586544305
4.360895362784531
4.396646559011618
4.4386762669674455
4.480203366076962
4.5193692321563
4.563561068117425
4.6055401086541865
4.6527313252303095
4.696735762321839
4.742656737002615
4.7922734948642844
4.8446950842572445
4.898005691397436
4.948127754837308
5.003344833929106
5.061336539214651
5.1115523717194735
5.179314569396323
5.2404464841159335
5.301530463162581
5.370546812793627
5.440553116834107
5.515658245686375
5.593713744805152
5.67302883938271
5.75122923498718
5.8419050384606965
5.93592142916867
6.034290919000401
6.134431880057669
6.240397431850974
6.355506301011741
6.487862393257293
6.61416255201342
6.754192125320976
6.920574407278209
7.1077419901487815
7.3028272147360225
7.5422154137048745
7.805844620983377
8.133519195038524
8.409444868720085
-41.812958920601154
10.000000000000108
0.0
1.4570309803218713
1.5248746272915776
1.5722251188349219
1.6107197805911835
1.6454194451468267
1.6691811037595545
1.6951852541362609
1.7155311761822813
1.7391859582873106
1.7565942276757038
1.7740024970640969
1.7926797445121625
1.8088353125241654
1.8249908805361683
1.842596789280915
1.85746139119753
1.8723259931141452
1.8881201112687451
1.9023667053995208
1.9166132995302965
1.9308598936610724
1.9465292746372753
1.9593962630636665
1.972263251490058
1.9855181121407803
1.9981848298950067
2.0108515476492332
2.0235182654034594
2.0362784587494165
2.048896080335443
2.061513701921469
2.0741313235074954
2.0872899280754944
2.099620792371453
2.111951656667412
2.1242825209633707
2.137872863395025
2.149561724945832
2.161250586496639
2.172939448047446
2.1846283095982533
2.1955955364891087
2.2078567299304246
2.2201179233717405
2.2323791168130565
2.244577299484623
2.2568848493957994
2.269192399306976
2.281499949218152
2.294039320581824
2.3061861320415864
2.318332943501349
2.330479754961111
2.342187241246402
2.354612244076425
2.367037246906448
2.3794622497364712
2.3910032146660107
2.4039727149315704
2.4169422151971305
2.42991171546269
2.4430728160435393
2.455914425594038
2.468756035144537
2.481597644695036
2.494616250204539
2.507332447693637
2.5200486451827353
2.5327648426718334
2.5433949987733593
2.5576415988500467
2.5718881989267337
2.586134799003421
2.601162764990849
2.6145317340973726
2.627900703203896
2.640854515484988
2.6544752304652626
2.668095945445537
2.681716660425811
2.6934891430475822
2.7084907469872728
2.7234923509269633
2.738493954866654
2.753659438925599
2.768422901158529
2.783186363391459
2.7977649203276154
2.812697722093439
2.8276305238592623
2.84083992538575
2.8569555040659536
2.8730710827461574
2.889186661426361
2.9054155780369335
2.921334135859431
2.9372526936819288
2.953142684889641
2.9691002665186716
2.985057848147702
2.999444711299828
3.01718500719652
3.0349253030932113
3.0525260556054863
3.070461875887909
3.088397696170332
3.106151768668991
3.1244402137955514
3.141782938168031
3.1608201018069293
3.1798572654458277
3.1994300375015197
3.21787389954957
3.2363177615976197
3.2530711767792533
3.274209790378033
3.296144655091774
3.3164906135186527
3.3368365719455313
3.3569981142781433
3.3777328275694662
3.397855177403132
3.4192718790005996
3.4406885805980663
3.461890277750655
3.484187180625577
3.5050693216103608
3.5302071121816905
3.55611445926412
3.5797039469376757
3.601948299865593
3.6276822088172667
3.653297073804035
3.6792362320219247
3.7061657339513197
3.7301903373395393
3.749875030535382
3.7810267528535793
3.812917502938982
3.8407409065616935
3.8685709371621306
3.89433923917195
3.9240684430051793
3.952784657587367
3.9843900211220853
4.01585100250693
4.049409701571693
4.080862467726801
4.110142294720272
4.154286489997887
4.185587895613973
4.216122707964368
4.253421033805048
4.289793698852385
4.3265832591831535
4.366248249858556
4.4062884372412
4.4459876744028195
4.487127470614046
4.5301963070490245
4.568428918765443
4.619583713146092
4.660888536409169
4.7039719844816
4.7591475136116745
4.8041995003039535
4.8605308860255185
4.902603918186565
4.96552512937297
5.018175483362224
5.072911932790122
5.1383300265992
5.199446324240347
5.256241901221819
5.328480672238304
5.399120968761165
5.468892787185056
5.540030940234049
5.618312757149746
5.698441339385191
5.784918146450359
5.875564323142362
5.971635984925659
6.063557187364848
6.1759664139097685
6.277703364379565
6.40462646022844
6.534597520129895
6.681956377122448
6.808234113833989
6.99577150816608
7.1637103865896865
7.373847927229275
7.610511483211745
7.88554630224074
8.203756495535096
8.612751076536068
9.158845823010111
10.000000000000107
0.0
1.45775654608686
1.521638266250692
1.5676832258061855
1.6046427795021978
1.633143224639482
1.660984989966996
1.6877517448291908
1.7070612203692224
1.7263706959092542
1.7472810760082105
1.764233291929048
1.7811855078498848
1.7995011603836624
1.8143343511515144
1.8291675419193658
1.8450377402113625
1.8588652836124588
1.8726928270135554
1.8873662623977616
1.9006858620352693
1.9140054616727766
1.9273250613102841
1.9418874954235763
1.9543428490053485
1.966798202587121
1.979253556168893
1.9922193469775902
2.0043280696359536
2.0164367922943174
2.0285455149526808
2.0414247114499657
2.0530585867597737
2.064692462069582
2.07632633737939
2.0875918608835624
2.099415416365046
2.1112389718465296
2.1230625273280137
2.1348860828094973
2.146288917512285
2.158465409045619
2.170641900578953
2.1828183921122872
2.1958192125233196
2.207370723474623
2.2189222344259263
2.230473745377229
2.24178338128957
2.2534798008098345
2.265176220330099
2.276872639850363
2.287216779202719
2.299601224396686
2.311985669590653
2.32437011478462
2.3371292092918177
2.3493284651338255
2.361527720975834
2.3737269768178413
2.385926232659849
2.397913952730855
2.410298397924822
2.422682843118789
2.435067288312756
2.4471054824810143
2.4597784995160614
2.472451516551108
2.485124533586155
2.4973545949706932
2.510407800583072
2.5234610061954506
2.5365142118078294
2.5493793348125635
2.562617876370738
2.5758564179289127
2.587975295568597
2.601832213859418
2.615689132150239
2.6295460504410597
2.6427479528964057
2.657060664938582
2.671373376980758
2.6856860890229344
2.699968950300627
2.7143131491285413
2.728657347956456
2.742193580597098
2.757094503360543
2.7719954261239876
2.7868963488874323
2.8013620582421015
2.8167913798534925
2.832220701464884
2.8474506237511035
2.863064486683781
2.878678349616458
2.8923808892553615
2.909466260119038
2.926551630982715
2.94407161323649
2.9608065118690576
2.9775414105016242
2.9942763905092877
3.0110112236675746
3.0277460568258614
3.043053033698743
3.0609341410148767
3.0788152483310105
3.0958307194942796
3.114531597762814
3.133232476031349
3.151352646182976
3.1708350381824495
3.190317430181923
3.2097430731709355
3.2294015009023864
3.2487958228314424
3.268754851888456
3.2887138809454695
3.30766368802788
3.3301692504701594
3.35375706603494
3.3745424434711717
3.393363668616116
3.4160254310870024
3.438687193557888
3.461111144924318
3.4846729515042014
3.508234809605979
3.5317964863959204
3.5541741030328518
3.579971046974594
3.6059598183440293
3.631355173572269
3.6565673030280568
3.6823640913875084
3.7074565999936784
3.73499495349633
3.7620764054798856
3.791608497977606
3.821113215867223
3.850164553965935
3.8794317329974115
3.908024193629394
3.9391031868654527
3.970187007435255
4.000176755351844
4.034347360588409
4.068634814490242
4.098456956627294
4.133927647584043
4.169269121512845
4.20826762851566
4.24577696503891
4.282456866452763
4.316309912764725
4.360430369943271
4.401738362886469
4.443045760167875
4.48533881811562
4.529991080574391
4.57452551983524
4.622887587431234
4.66789847548743
4.711391547663423
4.762327698417461
4.816274656550479
4.865241097335056
4.926435921778643
4.977815886432973
5.035752434814004
5.095061790948785
5.151089892929817
5.218960973197683
5.291589393186952
5.359837759278273
5.428761492256385
5.505559959581266
5.583973419959215
5.663650195820006
5.751236987838997
5.837674096003283
5.9254713780270105
6.030817098215819
6.136654725149788
6.24809922049577
6.3823338430386425
6.499971655465432
6.647466992030304
6.792751469418547
6.952446626641034
7.1532563942567675
7.355687830493646
7.572879673317119
7.864276253517223
8.204654883413772
8.613229767927232
9.14130282322989
9.999999999999996
0.0
1.4589454396078998
1.5259677072860092
1.5721305643623686
1.6101774644636835
1.6432718191458924
1.667896673174459
1.694962852340883
1.7158353453527875
1.740388855635341
1.7577826042002132
1.7751763527650852
1.7931989314628352
1.809928787440937
1.8266586434190388
1.8453725634461617
1.8600158503249429
1.8746591372037242
1.8899990341831667
1.9041384681091706
1.9182779020351746
1.9324173359611785
1.9478886814144296
1.9606059619704308
1.973323242526432
1.9849226526123156
1.9982320378473377
2.01154142308236
2.0248508083173826
2.039895145084707
2.0521616320381346
2.0644281189915623
2.07669460594499
2.089317662778528
2.101381578110777
2.113445493443026
2.125509408775275
2.1374015451812096
2.1495546668989904
2.1617077886167717
2.173860910334553
2.1858275214897667
2.1980711612959745
2.210314801102182
2.222558440908389
2.234802080714597
2.247019109245101
2.2592855961985285
2.2715520831519562
2.283818570105384
2.296368442604535
2.3084102668981923
2.320452091191849
2.3324939154855064
2.343602066845247
2.3562947871386584
2.3689875074320694
2.3816802277254814
2.3945084585332514
2.40710393437137
2.4196994102094886
2.4322948860476075
2.44475583418669
2.4574485731743754
2.470141312162061
2.482834051149746
2.4946629078229074
2.507999284831853
2.521335661840799
2.534672038849745
2.5479783170920287
2.561341805938543
2.574705294785058
2.587915439220318
2.6013609080561992
2.614806376892081
2.628251845727962
2.640183480705693
2.654570434037361
2.6689573873690287
2.683344340700697
2.698857880125253
2.7122213689717682
2.7255848578182826
2.7348914185525124
2.7504347659142714
2.765978113276031
2.7815214606377894
2.7977589028204806
2.812667836072554
2.8275767693246285
2.8410053322881743
2.8569250201369334
2.8728447079856925
2.8887643958344515
2.904848875737082
2.920503269192779
2.9361576626484758
2.950775129222219
2.9676770158329293
2.9845789024436398
3.001854636589586
3.0182917258317237
3.0347288150738616
3.0504597280230743
3.0677165125556574
3.0849732970882404
3.1014515056999854
3.11971487626399
3.137978246827995
3.1557073729131573
3.174988430679356
3.192982511320586
3.213401269266877
3.2338200272131683
3.255779053686703
3.2735970756551356
3.2914150976235677
3.3080544114922845
3.328729961714195
3.348602802661324
3.3702306037708243
3.3918584048803244
3.4134862240552106
3.435113916609396
3.456035214155127
3.479104868671927
3.5026464155277526
3.525009776717337
3.543866992041594
3.570061535869774
3.5985175240530576
3.6219990289284167
3.6436267503166384
3.6690123404583135
3.694018616396618
3.7198021855125103
3.7436062207051872
3.7715842358640574
3.799137595947498
3.827723857072306
3.856079424480449
3.8851715431906846
3.914489669075716
3.94234920000764
3.97026716882132
4.003474597075115
4.034342328285969
4.064587621533402
4.099078882082208
4.133866352882256
4.168795439531429
4.197344642791723
4.236480626430965
4.275332636104418
4.311037646706906
4.352074983187519
4.389012218054546
4.426576756719131
4.46968955475776
4.50964043782013
4.553976671869886
4.596670401700833
4.641380315971772
4.688808078786063
4.735705414046005
4.785160716212777
4.835453366748325
4.881861184954455
4.939152976945032
4.994349442896897
5.052330857517763
5.1019781872860905
5.170762212302439
5.227579124264237
5.2934468242649
5.365628243161624
5.429307694175414
5.506487803011977
5.582159050544917
5.65483662979332
5.74657521384462
5.835188360947449
5.918146390614837
6.017517011031324
6.117881188301678
6.230435030981527
6.346923268555898
6.474687285918547
6.619977776395544
6.753827912660063
6.917318647816172
7.108335162380985
7.286367877216023
7.5474229452397426
7.801244290358107
7.876476853209656
8.538511194351942
9.075252233057672
9.999999999999822
0.0
1.4573977554031858
1.5212952184251975
1.566945923658865
1.6043516979921675
1.6320985551503069
1.6595809096334562
1.6826049029783443
1.706104445466909
1.7253708111364703
1.7466852424353256
1.7631643397448293
1.779643437054333
1.7970084852781019
1.8123578124444295
1.8277071396107571
1.8446804676815416
1.8584948627541316
1.8723092578267215
1.8877038439922271
1.9005863186372898
1.9134687932823524
1.9263512679274153
1.9396730187145201
1.9522803222286231
1.964887625742726
1.977494929256829
1.9904448323698898
2.002835610261107
2.0152263881523242
2.027617166043542
2.0410721780716607
2.052813159353834
2.064554140636008
2.0762951219181813
2.088277771240846
2.099892738280147
2.1115077053194473
2.1231226723587477
2.134737639398048
2.1462484512813838
2.1579471304565145
2.169645809631645
2.1813444888067757
2.192879426538975
2.2046844540974257
2.2164894816558762
2.228294509214327
2.2400221532010125
2.2518702568840583
2.263718360567104
2.2755664642501494
2.286919984292017
2.299010801168046
2.3111016180440758
2.3231924349201045
2.335283251796134
2.347320116031367
2.359456123940261
2.3715921318491544
2.3837281397580483
2.3954289187970152
2.407891049874385
2.420353180951754
2.432815312029123
2.445112401524698
2.4576952767595346
2.4702781519943717
2.482861027229209
2.4946815297059874
2.5078247700807177
2.520968010455448
2.534111250830178
2.546867113031279
2.5603375733393947
2.57380803364751
2.5872784939556253
2.600326050553706
2.614259042155071
2.628192033756436
2.6410750406298353
2.655698374522328
2.670321708414821
2.6849450423073136
2.700645249428379
2.714143720403943
2.7276421913795073
2.73850975391961
2.753574172637856
2.7686385913561025
2.783703010074349
2.7982536431309826
2.8138238398862128
2.8293940366414425
2.844191900639214
2.8603833269369616
2.876574753234709
2.8919773236549013
2.9087544740975373
2.925531624540173
2.942366727318232
2.9591006949882694
2.9758346626583063
2.991600684579648
3.0090543285842752
3.0265079725889024
3.042938436384772
3.0612279432147704
3.0795174500447686
3.0987098263056114
3.1160701170376535
3.133430407769695
3.148469916373177
3.1685093036814562
3.188548690989736
3.2080951385131553
3.2294529700916166
3.2525354028477307
3.2715200573270895
3.2905047118064483
3.3087317739696505
3.329743993184797
3.3501066346286943
3.371967784419544
3.3930185655344225
3.4156414634989183
3.438264361463415
3.4604300248301665
3.4846567825607395
3.5090115712977896
3.5328819832277127
3.556544767910033
3.580862211225079
3.6043016616676673
3.630272801552678
3.6557921823940704
3.682733145653454
3.709407340574483
3.737154124229876
3.764743157171938
3.7935999401273564
3.8223413144660436
3.847803405274466
3.879169325731485
3.911031807208377
3.9406791428899965
3.9703824823730356
4.00423746001997
4.035909449815654
4.067346913579377
4.099951893520575
4.13748233126513
4.1746607243934655
4.206641630808014
4.251504127956874
4.286040269805603
4.320332081302765
4.3636424619449805
4.402885181257144
4.443978814171735
4.485840161814092
4.530234210214895
4.57909896160582
4.627435562080119
4.667347829549032
4.718847551337069
4.764620141410152
4.822197248904378
4.8764048829975355
4.932283892925909
4.983565330187983
5.041545462530366
5.100471121387678
5.168733895929117
5.228929807751058
5.296518921897001
5.364045630682182
5.437972020074622
5.513898620152699
5.594388993026008
5.669400431866612
5.760171719399999
5.85257171023079
5.943856937300786
6.041442160621065
6.1530944473856115
6.254593282392392
6.38426088616526
6.517408987705766
6.657797047251767
6.805847077284486
6.97317875333702
7.175541870378252
7.359337266064888
7.612145838226472
7.790046794311148
8.204716789113931
8.645553516928537
9.142258758934535
9.999999999999966
0.0
1.4574828345304907
1.522652473356713
1.5683689109657915
1.605925911326186
1.6388655341420229
1.662080139988126
1.6887572149922299
1.7085143204805247
1.7282714259688192
1.7493490934257214
1.7666826578405121
1.7868038058718145
1.802206859571154
1.8176099132704935
1.8330129669698332
1.8496300516616007
1.8633144481007138
1.876998844539827
1.8907228725783827
1.9043785200666095
1.9180341675548365
1.9316898150430633
1.9462292051979226
1.9590498956697289
1.971870586141535
1.9846912766133413
1.997895550418073
2.010324017909888
2.022752485401703
2.03574440880485
2.0478941048453074
2.0600438008857647
2.072193496926222
2.084343192966679
2.0967000341787436
2.108670727852186
2.120641421525628
2.1326121151990707
2.1449048765911845
2.15663789541112
2.168370914231055
2.18010393305099
2.1915196028890396
2.2034463670885382
2.215373131288037
2.227299895487535
2.2394670956233056
2.251263984858393
2.2630608740934806
2.2748577633285683
2.2854213259811
2.297802455564972
2.310183585148844
2.322564714732716
2.334945844316588
2.3477031446418266
2.3597626752921075
2.371822205942389
2.3838817365926697
2.3952877816521796
2.407836220594488
2.420384659536796
2.432933098479105
2.444805654112646
2.4578580306763578
2.47091040724007
2.483962783803782
2.4980360938218538
2.510231388786794
2.5224266837517346
2.5346219787166753
2.5445955275147423
2.558484589700767
2.5723736518867915
2.586262714072816
2.5999840559037097
2.6140535083290377
2.6281229607543657
2.641677158151033
2.6560897888505197
2.670502419550006
2.6849150502494927
2.6992323524099353
2.713741466238649
2.728250580067362
2.742180035417114
2.7570885115363732
2.7719969876556325
2.7869054637748913
2.801437278989853
2.816803918571535
2.832170558153217
2.8473769943142564
2.8628903050139574
2.8784036157136583
2.8927171737560045
2.9091315394365544
2.925545905117104
2.9418442319961478
2.9583419040025034
2.9748395760088595
2.989933292756681
3.007406694294818
3.0248800958329554
3.0411854372772362
3.059547267074493
3.077909096871749
3.0967495855388028
3.114656188234876
3.1325627909309506
3.149185618929509
3.1685888631929457
3.1879921074563824
3.207263794730501
3.2269609500610015
3.246043183738333
3.2663559984456696
3.2866688131530064
3.306766930412613
3.3275339664763637
3.347035879246228
3.3692205283496857
3.3914051774531435
3.4133474517831948
3.437070319907363
3.461553037921946
3.482521136968988
3.500515378023965
3.525906305604315
3.5522127901468967
3.576198392324726
3.599134848445224
3.6245257760255742
3.6490104897116846
3.675650242540109
3.702617379479436
3.7287221725989443
3.7529068031126163
3.7825875778488545
3.8125089579217954
3.841143706255072
3.8697881784869472
3.8966951443938664
3.92935881207107
3.9626049393724143
3.992837811696273
4.023277581404257
4.055005622157692
4.088684945361788
4.122430543676925
4.156927994468724
4.193039473736597
4.22933384004171
4.26632340726686
4.3008589333073965
4.341232370716586
4.381666596020251
4.422303926149331
4.466249346005279
4.502755432487771
4.5493558421312414
4.594494999894961
4.641699201658821
4.6916253195529585
4.740011129474081
4.788485062566338
4.83848997761669
4.891446683289104
4.945989191701528
5.001040603559971
5.059879305357283
5.116045176388927
5.183131111795147
5.24985231771746
5.314506486227543
5.383874215062013
5.454588474111289
5.524347367830407
5.604788922389176
5.683129879688436
5.7850023995055215
5.852965921073194
5.954667427069345
6.045059154812808
6.170256871422929
6.276739483352097
6.394258722084514
6.515120878159497
6.676789811457092
6.817991415540264
6.987262237775433
7.16780041304412
7.39118425702281
7.610722996042863
7.8887867056449235
8.200726019651459
8.601844183259189
6.324775442371481
9.99999999999999
nan
1.4580741783358044
1.5239659017067642
1.5719079772770956
1.6095933625317405
1.6430692431900717
1.6673465937880398
1.6945730877963239
1.7146186064113365
1.7369367345034206
1.7550943157565622
1.7732518970097038
1.7939228898881439
1.809492688862301
1.825062487836458
1.8415190537402524
1.8563491057075618
1.8711791576748713
1.8880961194182753
1.9016113491907425
1.9151265789632095
1.9286418087356765
1.9422294975232874
1.9556892175658325
1.9691489376083775
1.9826086576509228
1.9967510862414513
2.009553593508811
2.0223561007761703
2.0351586080435298
2.0483123580747598
2.060750469466007
2.073188580857254
2.0867986153832305
2.098651937051377
2.110505258719524
2.1223585803876706
2.1342119020558172
2.145425615819506
2.1577933267253715
2.1701610376312375
2.1825287485371034
2.1954556995955494
2.2073953766570935
2.219335053718638
2.2312747307801826
2.242844485209796
2.255028288199421
2.267212091189046
2.2793958941786707
2.2915051657373287
2.3037344223309115
2.315963678924494
2.328192935518077
2.340180059483466
2.3525477703893314
2.3649154812951974
2.377283192201063
2.3893509743957146
2.4018842154745177
2.4144174565533207
2.4269506976321233
2.439084221584727
2.4518369227433943
2.464589623902062
2.4773423250607305
2.4896946327822516
2.5026745969845132
2.5156545611867744
2.528634525389036
2.541316509581405
2.554478919366204
2.5676413291510034
2.5808037389358023
2.5937332153026804
2.6070561537297743
2.6203790921568673
2.633702030583961
2.6457001379602034
2.660106495293571
2.674512852626939
2.689027102852982
2.703370400145535
2.7177136974380884
2.7320569947306415
2.745392275366677
2.760565611451407
2.7757389475361376
2.790858541951864
2.806067089972266
2.821275637992668
2.83648418601307
2.851721973320388
2.866895309405118
2.882068645489848
2.896222510258311
2.9122884022004816
2.9283542941426517
2.9439598935721536
2.960388216091806
2.976816538611458
2.9923329624283905
3.009447524621114
3.0265620868138368
3.042608947559602
3.0605675400612067
3.078526132562811
3.0966403672559135
3.114452566281973
3.132264765308032
3.149591607528759
3.1679526367008592
3.18631366587296
3.203778813273337
3.2235820425121116
3.2431753009081503
3.2631597395379894
3.2831441781678286
3.302347444368577
3.3234922031228358
3.34629344435655
3.365860260476454
3.385427076596358
3.4023019471180347
3.4262249353082708
3.451040114176322
3.473721368399133
3.496402622621944
3.5190838768447557
3.541765131067567
3.5643247734529004
3.587819014091621
3.611164313659159
3.6351748823746957
3.6583829190232775
3.68449797763985
3.7101058680133425
3.737880681887634
3.765529056175708
3.7960307631262937
3.8230057522148497
3.8475601290619164
3.877906801231377
3.9085601409627615
3.938086474960335
3.9675924581093036
3.9949907605440043
4.027929787160593
4.0606742530141435
4.094289086792001
4.12797959287433
4.161754269982523
4.1954872725076084
4.231503226231368
4.267519212128739
4.300656835332891
4.342407731043083
4.383218069601886
4.421707408908792
4.469080392629898
4.50158908119539
4.547109250230059
4.591838662555232
4.637787416526792
4.6877070463192965
4.733941020536311
4.780876538497013
4.83034646583475
4.879392958823485
4.936267306724729
4.990112809755042
5.049333373280559
5.110399896388279
5.168391121052746
5.231223389571719
5.292830492428395
5.36674381596081
5.435742770543349
5.507491414534628
5.577988238504949
5.65856844905238
5.7477517832246185
5.830927368955147
5.931418645474648
6.029709164931405
6.1209910925445525
6.231418018000634
6.354852553258239
6.4754279324418516
6.6193840477091035
6.7817093115201
6.942825571717725
7.1111687923953575
7.311192799974302
7.486367026842351
7.81986870861176
8.130348982724852
-6.313708963361244
9.06019605738041
10.000000000000002
